['the' 'University' 'of' 'the' 'Witwatersrand' 'demurred' ',' 'saying' ':'
 'In']
[1 2 0 0 0 1 1 1 1 1]
[1 1 2 0 1 1 1 1 1 1]
[1 1 2 0 0 0 1 1 1 1]

['1' '1' '1' 'Roda' 'JC' 'Kerkrade' '1' '0' '1' '0']
[1 1 1 2 0 0 1 1 1 1]
[1 1 1 1 2 0 0 1 1 1]
[1 1 1 1 2 1 1 1 1 1]

['.' 'LONDON' '1996-08-23' 'Goldman' 'Sachs' '&' 'Co' 'Wertpapier' 'GmbH'
 'has']
[1 6 1 2 0 0 0 0 0 1]
[2 1 6 1 2 0 1 1 1 1]
[2 1 6 1 2 1 1 1 1 1]

['ANC' ',' 'de' 'Klerk' "'s" 'National' 'Party' 'and' 'the' 'right-wing']
[2 1 4 3 1 2 0 1 1 1]
[1 1 1 1 1 2 0 1 1 1]
[1 1 1 1 1 1 1 1 1 1]

[',' 'de' 'Klerk' "'s" 'National' 'Party' 'and' 'the' 'right-wing'
 'Freedom']
[1 4 3 1 2 0 1 1 1 2]
[1 1 1 1 2 0 1 1 1 1]
[1 1 1 1 1 1 1 1 1 1]

['0' '4' '3' '4' 'Fortuna' 'Sittard' '2' '1' '1' '0']
[1 1 1 1 2 0 1 1 1 1]
[1 1 1 1 2 0 1 1 1 1]
[1 1 1 1 2 1 1 1 1 1]

['0' '1' '0' '4' 'PSV' 'Eindhoven' '1' '1' '0' '0']
[1 1 1 1 2 0 1 1 1 1]
[1 1 1 1 2 0 1 1 1 1]
[1 1 1 1 2 1 1 1 1 1]

['0' '4' '1' '3' 'Twente' 'Enschede' '1' '1' '0' '0']
[1 1 1 1 2 0 1 1 1 1]
[1 1 1 1 2 0 1 1 1 1]
[1 1 1 1 2 1 1 1 1 1]

['0' '1' '1' '1' 'Roda' 'JC' 'Kerkrade' '1' '0' '1']
[1 1 1 1 2 0 0 1 1 1]
[1 1 1 1 2 0 0 1 1 1]
[1 1 1 1 2 1 1 1 1 1]

['1' '1' '1' 'Roda' 'JC' 'Kerkrade' '1' '0' '1' '0']
[1 1 1 2 0 0 1 1 1 1]
[1 1 1 2 0 0 1 1 1 1]
[1 1 1 2 1 1 1 1 1 1]

[1 1 1 1 1 1 1 1 1 1]
[2 1 1 1 1 2 0 1 1 1]
[1 1 1 1 1 1 1 1 1 1]
[1 1 2 0 0 0 0 1 1 1]
[1 1 1 1 1 1 1 1 1 1]
['ANC' ',' 'de' 'Klerk' "'s" 'National' 'Party' 'and' 'the' 'right-wing']
[2 1 4 3 1 2 0 1 1 1]
[1 1 1 1 1 2 0 1 1 1]
[1 1 1 1 1 1 1 1 1 1]

