# tok_idx, proposed_pred, gold, doc_start
14,1,1,0
15,1,1,0
16,1,1,0
17,1,1,0
18,1,1,0
19,1,1,0
20,1,1,0
21,1,1,0
22,1,1,0
23,1,1,0
24,1,2,0
25,1,0,0
26,1,0,0
27,1,0,0
28,1,0,0
29,1,0,0
30,1,0,0
31,1,1,1
32,1,1,0
33,1,1,0
34,1,1,0
35,1,1,0
36,1,1,0
37,1,1,0
38,1,1,0
39,1,1,0
-1,-1,-1,-1
374,1,1,0
375,1,1,0
376,1,1,0
377,1,1,0
378,1,1,0
379,1,1,0
380,1,1,0
381,1,1,0
382,1,1,0
383,1,1,0
384,2,1,0
385,1,1,0
386,1,1,0
387,1,1,0
388,1,1,0
389,1,1,0
390,1,1,0
391,1,1,0
392,1,1,0
393,1,1,0
-1,-1,-1,-1
486,1,1,0
487,1,1,0
488,1,1,0
489,1,1,0
490,1,1,0
491,1,1,0
492,1,1,0
493,1,1,0
494,1,1,0
495,1,1,0
496,2,1,0
497,1,1,0
498,1,1,0
499,1,1,0
500,1,1,0
501,1,1,0
502,1,1,0
503,1,1,0
504,1,1,0
505,1,1,0
-1,-1,-1,-1
563,1,1,0
564,1,1,0
565,1,1,0
566,1,1,0
567,2,2,0
568,0,0,0
569,0,0,0
570,0,0,0
571,1,1,1
572,1,1,0
573,0,2,0
574,0,0,0
575,0,0,0
576,1,1,0
577,1,1,0
578,1,1,0
579,1,1,0
580,1,1,0
581,1,1,0
582,1,1,0
-1,-1,-1,-1
1070,1,1,0
1071,1,1,0
1072,1,1,0
1073,1,1,0
1074,1,1,0
1075,1,1,0
1076,1,1,0
1077,1,1,0
1078,1,1,0
1079,1,1,0
1080,1,2,0
1081,1,0,0
1082,1,0,0
1083,1,0,0
1084,1,1,0
1085,1,1,0
1086,1,1,0
1087,1,1,0
1088,1,1,0
1089,1,1,0
1090,1,1,0
1091,1,1,0
1092,1,1,0
-1,-1,-1,-1
1412,1,1,0
1413,1,1,0
1414,1,1,0
1415,1,1,0
1416,1,1,0
1417,1,1,0
1418,1,1,0
1419,1,1,0
1420,1,1,0
1421,1,1,0
1422,2,1,0
1423,0,1,0
1424,0,1,0
1425,0,1,0
1426,0,1,0
1427,0,1,0
1428,0,1,0
1429,0,1,0
1430,0,1,0
1431,0,1,0
1432,1,1,0
1433,1,1,0
1434,1,1,0
1435,1,1,0
1436,1,1,0
1437,1,1,0
1438,1,1,0
1439,1,1,0
1440,1,1,0
-1,-1,-1,-1
1480,1,1,0
1481,1,1,0
1482,1,1,0
1483,1,1,1
1484,1,1,0
1485,1,1,0
1486,1,1,0
1487,1,1,0
1488,1,1,0
1489,1,1,0
1490,1,2,0
1491,1,0,0
1492,1,0,0
1493,1,1,1
1494,1,1,0
1495,1,1,0
1496,1,1,0
1497,1,1,0
1498,1,1,0
1499,1,1,0
1500,1,1,0
1501,1,1,0
-1,-1,-1,-1
1548,1,1,0
1549,1,1,0
1550,1,1,0
1551,1,1,0
1552,1,1,0
1553,1,1,0
1554,1,1,0
1555,1,1,0
1556,1,1,0
1557,1,1,0
1558,1,2,0
1559,1,0,0
1560,1,0,0
1561,1,0,0
1562,1,0,0
1563,1,0,0
1564,1,1,0
1565,1,1,0
1566,1,1,0
1567,1,1,0
1568,1,1,0
1569,1,1,0
1570,1,1,0
1571,1,1,0
1572,1,1,0
-1,-1,-1,-1
1757,1,1,0
1758,1,1,0
1759,1,1,0
1760,1,1,0
1761,1,1,0
1762,1,1,0
1763,1,1,0
1764,1,1,0
1765,1,1,0
1766,1,1,0
1767,1,2,0
1768,1,0,0
1769,1,0,0
1770,1,1,1
1771,1,1,0
1772,1,1,0
1773,1,1,0
1774,1,1,0
1775,1,1,0
1776,1,1,0
1777,1,1,0
1778,1,1,0
-1,-1,-1,-1
1770,1,1,1
1771,1,1,0
1772,1,1,0
1773,1,1,0
1774,1,1,0
1775,1,1,0
1776,1,1,0
1777,1,1,0
1778,1,1,0
1779,1,1,0
1780,1,2,0
1781,1,0,0
1782,1,0,0
1783,1,0,0
1784,1,0,0
1785,1,1,0
1786,1,1,0
1787,1,1,0
1788,1,1,0
1789,1,1,1
1790,1,1,0
1791,1,1,0
1792,1,1,0
1793,1,1,0
-1,-1,-1,-1
2092,1,1,0
2093,1,1,0
2094,1,1,0
2095,1,1,0
2096,1,1,0
2097,1,1,0
2098,1,1,0
2099,1,1,0
2100,1,1,0
2101,1,1,0
2102,1,2,0
2103,0,0,0
2104,0,0,0
2105,0,0,0
2106,1,1,0
2107,1,1,0
2108,1,1,0
2109,1,1,0
2110,1,1,0
2111,1,1,0
-1,-1,-1,-1
2172,0,0,0
2173,0,0,0
2174,0,0,0
2175,0,0,0
2176,0,0,0
2177,0,0,0
2178,0,0,0
2179,0,0,0
2180,0,0,0
2181,0,0,0
2182,1,0,0
2183,1,0,0
2184,1,0,0
2185,1,0,0
2186,1,0,0
2187,1,0,0
2188,1,1,0
2189,1,1,0
2190,1,1,0
2191,1,1,0
2192,1,1,0
2193,1,1,0
2194,1,1,0
2195,1,1,0
2196,1,1,0
-1,-1,-1,-1
2209,0,0,0
2210,0,0,0
2211,0,0,0
2212,0,0,0
2213,0,0,0
2214,0,0,0
2215,0,0,0
2216,0,0,0
2217,0,0,0
2218,0,0,0
2219,1,0,0
2220,1,0,0
2221,1,0,0
2222,1,0,0
2223,1,0,0
2224,1,0,0
2225,1,0,0
2226,1,0,0
2227,1,0,0
2228,1,0,0
2229,1,0,0
2230,1,0,0
2231,1,0,0
2232,1,0,0
2233,1,1,0
2234,1,1,0
2235,1,1,0
2236,1,1,0
2237,1,1,0
2238,1,1,0
2239,1,1,0
2240,1,1,0
2241,1,1,0
-1,-1,-1,-1
2335,1,1,0
2336,1,1,0
2337,1,1,0
2338,1,1,0
2339,1,1,0
2340,1,1,0
2341,1,1,0
2342,1,1,0
2343,1,1,0
2344,1,1,0
2345,1,2,0
2346,1,0,0
2347,0,0,0
2348,1,0,0
2349,1,0,0
2350,1,0,0
2351,1,0,0
2352,1,1,0
2353,1,1,0
2354,1,2,0
2355,1,0,0
-1,-1,-1,-1
2338,1,1,0
2339,1,1,0
2340,1,1,0
2341,1,1,0
2342,1,1,0
2343,1,1,0
2344,1,1,0
2345,1,2,0
2346,1,0,0
2347,0,0,0
2348,1,0,0
2349,1,0,0
2350,1,0,0
2351,1,0,0
2352,1,1,0
2353,1,1,0
2354,1,2,0
2355,1,0,0
2356,1,0,0
2357,1,0,0
2358,1,0,0
2359,1,1,0
2360,1,1,0
-1,-1,-1,-1
2344,1,1,0
2345,1,2,0
2346,1,0,0
2347,0,0,0
2348,1,0,0
2349,1,0,0
2350,1,0,0
2351,1,0,0
2352,1,1,0
2353,1,1,0
2354,1,2,0
2355,1,0,0
2356,1,0,0
2357,1,0,0
2358,1,0,0
2359,1,1,0
2360,1,1,0
2361,1,1,0
2362,1,1,0
2363,1,1,0
2364,1,1,0
2365,1,1,0
2366,1,1,0
2367,1,1,0
-1,-1,-1,-1
2417,1,1,0
2418,1,1,0
2419,1,1,0
2420,1,1,0
2421,1,1,0
2422,1,1,0
2423,1,1,0
2424,1,1,0
2425,1,1,0
2426,2,2,0
2427,1,0,0
2428,1,0,0
2429,1,0,0
2430,1,0,0
2431,1,0,0
2432,1,0,0
2433,1,0,0
2434,1,1,0
2435,1,1,0
2436,1,1,0
2437,1,1,0
2438,1,1,0
2439,1,1,0
2440,1,1,0
2441,1,1,0
2442,1,1,0
-1,-1,-1,-1
2453,1,1,0
2454,1,1,0
2455,1,1,0
2456,1,1,0
2457,1,1,0
2458,1,1,0
2459,1,1,0
2460,1,1,0
2461,1,1,0
2462,1,1,0
2463,1,2,0
2464,1,0,0
2465,1,0,0
2466,1,1,0
2467,1,1,0
2468,1,1,0
2469,1,1,0
2470,1,1,0
2471,1,1,0
2472,1,1,0
2473,1,1,0
2474,1,1,0
-1,-1,-1,-1
2575,1,1,0
2576,1,1,0
2577,1,1,0
2578,1,1,0
2579,1,1,0
2580,1,1,0
2581,1,1,0
2582,1,1,0
2583,1,1,0
2584,1,1,0
2585,0,1,0
2586,0,1,0
2587,1,1,0
2588,1,1,0
2589,1,1,0
2590,1,1,0
2591,1,1,0
2592,1,1,0
2593,1,1,0
2594,1,1,0
2595,1,1,0
-1,-1,-1,-1
2717,1,1,0
2718,1,1,0
2719,1,1,0
2720,1,1,0
2721,1,1,0
2722,1,1,0
2723,1,1,0
2724,1,1,0
2725,1,1,0
2726,1,1,0
2727,1,2,0
2728,0,0,0
2729,1,0,0
2730,1,0,0
2731,1,0,0
2732,1,0,0
2733,1,0,0
2734,1,0,0
2735,1,0,0
2736,1,0,0
-1,-1,-1,-1
2719,1,1,0
2720,1,1,0
2721,1,1,0
2722,1,1,0
2723,1,1,0
2724,1,1,0
2725,1,1,0
2726,1,1,0
2727,1,2,0
2728,0,0,0
2729,1,0,0
2730,1,0,0
2731,1,0,0
2732,1,0,0
2733,1,0,0
2734,1,0,0
2735,1,0,0
2736,1,0,0
2737,1,0,0
2738,1,0,0
2739,1,0,0
2740,1,0,0
2741,1,0,0
2742,1,0,0
2743,1,1,0
2744,1,1,0
2745,1,1,0
2746,1,1,0
2747,1,1,0
2748,1,1,0
2749,1,1,0
2750,1,1,0
2751,1,1,0
-1,-1,-1,-1
2817,1,1,0
2818,1,1,0
2819,1,1,1
2820,1,1,0
2821,1,1,0
2822,1,1,0
2823,1,1,0
2824,1,1,0
2825,1,1,0
2826,1,1,0
2827,1,2,0
2828,1,0,0
2829,1,0,0
2830,0,0,0
2831,0,0,0
2832,0,0,0
2833,0,0,0
2834,0,0,0
2835,1,1,0
2836,1,1,0
2837,1,1,0
2838,1,1,0
-1,-1,-1,-1
2972,0,0,0
2973,0,0,0
2974,0,0,0
2975,0,0,0
2976,0,0,0
2977,0,0,0
2978,0,0,0
2979,0,0,0
2980,0,0,0
2981,0,0,0
2982,2,0,0
2983,0,0,0
2984,0,0,0
2985,0,0,0
2986,0,0,0
2987,0,0,0
2988,0,0,0
2989,0,0,0
2990,0,0,0
2991,0,0,0
-1,-1,-1,-1
3129,1,1,0
3130,1,1,0
3131,1,1,0
3132,1,1,0
3133,1,1,0
3134,1,1,0
3135,1,1,0
3136,1,1,0
3137,1,1,0
3138,1,1,0
3139,2,1,0
3140,0,1,0
3141,1,1,0
3142,1,1,0
3143,1,1,0
3144,1,1,0
3145,1,1,0
3146,1,1,0
3147,2,1,0
3148,0,1,0
3149,0,1,0
-1,-1,-1,-1
3137,1,1,0
3138,1,1,0
3139,2,1,0
3140,0,1,0
3141,1,1,0
3142,1,1,0
3143,1,1,0
3144,1,1,0
3145,1,1,0
3146,1,1,0
3147,2,1,0
3148,0,1,0
3149,0,1,0
3150,0,1,0
3151,1,1,0
3152,1,1,0
3153,1,1,0
3154,1,1,0
3155,1,1,0
3156,1,1,0
3157,1,1,0
3158,1,1,0
3159,1,1,0
-1,-1,-1,-1
3232,1,1,0
3233,1,1,0
3234,1,1,0
3235,1,1,0
3236,1,1,0
3237,1,1,0
3238,1,1,0
3239,1,1,0
3240,1,1,0
3241,1,1,0
3242,1,2,1
3243,1,0,0
3244,1,0,0
3245,1,1,0
3246,1,1,0
3247,1,1,0
3248,1,1,0
3249,1,1,0
3250,1,1,0
3251,1,1,0
3252,1,1,0
3253,1,1,0
-1,-1,-1,-1
3244,1,0,0
3245,1,1,0
3246,1,1,0
3247,1,1,0
3248,1,1,0
3249,1,1,0
3250,1,1,0
3251,1,1,0
3252,1,1,0
3253,1,1,0
3254,2,1,1
3255,0,1,0
3256,0,1,0
3257,0,1,0
3258,0,1,0
3259,0,2,0
3260,0,0,0
3261,0,0,0
3262,0,0,0
3263,0,0,0
3264,1,1,0
3265,1,1,0
3266,1,1,0
3267,1,1,0
3268,1,1,0
-1,-1,-1,-1
3359,0,0,0
3360,0,0,0
3361,0,0,0
3362,0,0,0
3363,0,0,0
3364,1,1,0
3365,1,1,0
3366,1,1,0
3367,1,1,0
3368,1,1,0
3369,1,2,0
3370,2,0,0
3371,0,0,0
3372,0,0,0
3373,0,0,0
3374,1,1,0
3375,1,1,0
3376,1,1,0
3377,1,1,0
3378,1,1,0
3379,1,1,0
-1,-1,-1,-1
3481,1,1,0
3482,1,1,0
3483,1,1,0
3484,1,1,0
3485,1,1,0
3486,1,1,0
3487,1,1,0
3488,1,1,0
3489,1,1,0
3490,1,1,0
3491,1,2,0
3492,1,0,0
3493,1,1,0
3494,1,1,0
3495,1,1,0
3496,1,1,0
3497,1,1,0
3498,1,1,0
3499,1,1,0
3500,1,1,0
3501,1,1,0
-1,-1,-1,-1
3503,1,1,0
3504,1,1,0
3505,1,1,0
3506,1,1,0
3507,1,1,0
3508,1,1,1
3509,1,1,0
3510,1,1,0
3511,1,1,0
3512,1,1,0
3513,0,1,0
3514,0,1,0
3515,0,1,0
3516,0,1,0
3517,1,1,0
3518,1,1,0
3519,1,1,0
3520,1,1,0
3521,1,1,0
3522,1,1,1
3523,1,1,0
3524,1,1,0
3525,1,1,0
-1,-1,-1,-1
3525,1,1,0
3526,1,1,0
3527,1,1,0
3528,1,1,0
3529,1,1,0
3530,1,1,0
3531,1,1,0
3532,1,1,0
3533,1,1,0
3534,1,1,0
3535,2,1,0
3536,0,1,0
3537,0,1,0
3538,0,1,0
3539,0,1,0
3540,0,1,0
3541,1,1,0
3542,1,1,0
3543,1,1,0
3544,1,1,0
3545,1,1,0
3546,1,1,0
3547,1,1,0
3548,1,1,0
3549,1,1,0
-1,-1,-1,-1
3540,0,1,0
3541,1,1,0
3542,1,1,0
3543,1,1,0
3544,1,1,0
3545,1,1,0
3546,1,1,0
3547,1,1,0
3548,1,1,0
3549,1,1,0
3550,2,1,0
3551,0,1,0
3552,1,1,0
3553,1,1,0
3554,1,1,0
3555,1,1,0
3556,1,1,0
3557,1,1,0
3558,1,1,0
3559,1,1,0
3560,1,1,0
-1,-1,-1,-1
3865,1,1,0
3866,1,1,0
3867,1,1,0
3868,1,1,0
3869,1,1,0
3870,1,1,0
3871,1,1,0
3872,1,1,0
3873,2,2,0
3874,0,0,0
3875,1,0,0
3876,1,0,0
3877,1,0,0
3878,1,0,0
3879,1,0,0
3880,1,1,1
3881,1,1,0
3882,1,1,0
3883,1,1,0
3884,1,1,0
3885,1,1,0
3886,1,1,0
3887,1,1,0
3888,1,1,0
-1,-1,-1,-1
3887,1,1,0
3888,1,1,0
3889,1,1,0
3890,1,1,0
3891,1,1,0
3892,1,1,0
3893,1,1,0
3894,1,1,0
3895,1,1,0
3896,1,1,0
3897,1,2,0
3898,1,0,0
3899,1,0,0
3900,1,0,0
3901,1,0,0
3902,1,0,0
3903,1,1,0
3904,1,1,0
3905,1,1,0
3906,1,1,0
3907,1,1,0
3908,1,1,0
3909,1,1,0
3910,1,1,0
3911,1,1,0
-1,-1,-1,-1
3962,1,1,0
3963,1,1,0
3964,1,1,0
3965,1,1,0
3966,1,1,0
3967,1,1,0
3968,1,1,0
3969,1,1,0
3970,1,1,0
3971,1,1,0
3972,1,2,0
3973,1,0,0
3974,1,1,0
3975,1,1,0
3976,1,1,0
3977,1,1,0
3978,1,1,0
3979,1,1,0
3980,1,1,0
3981,1,1,0
3982,1,1,0
-1,-1,-1,-1
4173,1,1,0
4174,1,1,0
4175,1,1,0
4176,1,1,0
4177,1,1,0
4178,1,1,0
4179,1,1,0
4180,1,1,0
4181,1,1,0
4182,1,1,0
4183,1,2,0
4184,1,0,0
4185,1,0,0
4186,1,0,0
4187,1,1,0
4188,1,1,0
4189,2,2,0
4190,0,0,0
4191,0,0,0
4192,0,0,0
4193,0,0,0
4194,0,0,0
4195,0,0,0
-1,-1,-1,-1
4420,1,1,0
4421,1,1,0
4422,1,1,0
4423,1,1,0
4424,1,1,0
4425,1,1,0
4426,1,1,0
4427,1,1,0
4428,1,1,0
4429,1,1,0
4430,1,2,0
4431,1,0,0
4432,1,0,0
4433,1,0,0
4434,1,1,0
4435,1,1,0
4436,1,1,0
4437,1,1,0
4438,1,1,0
4439,1,1,0
4440,1,1,0
4441,1,1,0
4442,1,1,0
-1,-1,-1,-1
4437,1,1,0
4438,1,1,0
4439,1,1,0
4440,1,1,0
4441,1,1,0
4442,1,1,0
4443,1,1,0
4444,1,1,0
4445,1,1,0
4446,1,1,0
4447,1,2,0
4448,1,0,0
4449,1,0,0
4450,1,0,0
4451,2,2,1
4452,0,0,0
4453,0,0,0
4454,0,0,0
4455,0,0,0
4456,1,1,0
4457,1,1,0
4458,1,1,0
4459,1,1,0
-1,-1,-1,-1
4573,1,1,0
4574,1,1,0
4575,1,1,0
4576,1,1,0
4577,1,1,0
4578,1,1,0
4579,1,1,0
4580,1,1,0
4581,1,1,0
4582,1,1,0
4583,1,2,0
4584,1,0,0
4585,1,0,0
4586,1,1,0
4587,1,1,0
4588,1,1,0
4589,1,1,0
4590,1,1,0
4591,1,1,0
4592,1,1,0
4593,1,1,0
4594,1,1,0
-1,-1,-1,-1
4644,1,1,0
4645,1,1,0
4646,1,1,0
4647,1,1,0
4648,1,1,0
4649,1,1,0
4650,1,1,0
4651,1,1,0
4652,1,1,0
4653,1,1,0
4654,1,2,0
4655,1,0,0
4656,1,1,0
4657,1,1,0
4658,1,1,0
4659,1,1,0
4660,1,1,0
4661,1,1,0
4662,1,1,0
4663,1,1,0
4664,1,1,0
-1,-1,-1,-1
5009,1,1,0
5010,1,1,0
5011,1,1,0
5012,1,1,0
5013,1,1,0
5014,1,1,0
5015,1,1,0
5016,1,1,0
5017,1,1,0
5018,1,1,0
5019,1,2,0
5020,1,0,0
5021,1,0,0
5022,1,0,0
5023,1,1,0
5024,1,1,0
5025,1,1,0
5026,1,1,0
5027,1,1,0
5028,1,1,0
5029,1,1,0
5030,1,1,0
5031,1,1,0
-1,-1,-1,-1
5029,1,1,0
5030,1,1,0
5031,1,1,0
5032,1,1,0
5033,1,1,0
5034,1,1,0
5035,1,1,0
5036,1,1,0
5037,1,1,1
5038,1,1,0
5039,0,1,0
5040,0,1,0
5041,0,1,0
5042,0,1,0
5043,1,1,0
5044,1,1,0
5045,1,1,0
5046,1,1,0
5047,1,1,0
5048,1,1,0
5049,1,1,0
5050,1,1,0
5051,1,1,0
-1,-1,-1,-1
5084,1,1,0
5085,1,1,0
5086,1,1,0
5087,1,1,0
5088,1,1,0
5089,1,1,0
5090,1,1,0
5091,1,1,0
5092,1,1,0
5093,1,1,0
5094,0,1,0
5095,0,1,0
5096,0,1,0
5097,0,1,0
5098,0,1,0
5099,0,1,0
5100,0,1,0
5101,1,1,0
5102,1,1,0
5103,1,1,0
5104,0,1,0
5105,0,1,0
5106,0,1,0
5107,0,1,0
5108,0,1,0
5109,0,1,0
-1,-1,-1,-1
5094,0,1,0
5095,0,1,0
5096,0,1,0
5097,0,1,0
5098,0,1,0
5099,0,1,0
5100,0,1,0
5101,1,1,0
5102,1,1,0
5103,1,1,0
5104,0,1,0
5105,0,1,0
5106,0,1,0
5107,0,1,0
5108,0,1,0
5109,0,1,0
5110,0,1,0
5111,0,1,0
5112,0,1,0
5113,1,1,0
5114,1,1,0
5115,1,1,0
5116,1,1,0
5117,1,1,0
5118,1,1,0
5119,1,1,0
5120,1,1,0
5121,1,1,0
-1,-1,-1,-1
5371,1,1,0
5372,1,1,0
5373,1,1,0
5374,1,1,0
5375,1,1,1
5376,1,1,0
5377,1,1,0
5378,1,1,0
5379,1,1,0
5380,1,1,0
5381,1,2,0
5382,1,0,0
5383,1,0,0
5384,2,0,0
5385,0,0,0
5386,0,0,0
5387,0,0,0
5388,1,1,1
5389,1,1,0
5390,1,1,0
5391,1,1,0
5392,1,1,0
5393,1,1,0
-1,-1,-1,-1
5389,1,1,0
5390,1,1,0
5391,1,1,0
5392,1,1,0
5393,1,1,0
5394,1,1,0
5395,1,1,0
5396,1,1,0
5397,2,2,0
5398,0,0,0
5399,1,0,0
5400,1,0,0
5401,1,0,0
5402,1,0,0
5403,1,1,0
5404,1,1,0
5405,1,1,0
5406,1,1,0
5407,1,1,0
5408,1,1,0
5409,1,1,0
5410,1,1,0
5411,1,1,0
-1,-1,-1,-1
5538,1,1,0
5539,1,1,0
5540,1,1,0
5541,1,1,0
5542,1,1,0
5543,1,1,0
5544,1,1,0
5545,1,1,0
5546,1,1,0
5547,1,1,0
5548,1,2,0
5549,1,0,0
5550,1,0,0
5551,1,0,0
5552,1,1,1
5553,1,2,0
5554,1,0,0
5555,1,0,0
5556,1,0,0
5557,1,1,0
5558,1,1,0
5559,1,1,0
5560,1,1,0
-1,-1,-1,-1
5543,1,1,0
5544,1,1,0
5545,1,1,0
5546,1,1,0
5547,1,1,0
5548,1,2,0
5549,1,0,0
5550,1,0,0
5551,1,0,0
5552,1,1,1
5553,1,2,0
5554,1,0,0
5555,1,0,0
5556,1,0,0
5557,1,1,0
5558,1,1,0
5559,1,1,0
5560,1,1,0
5561,1,1,0
5562,1,1,0
5563,1,1,0
5564,1,1,0
5565,1,1,0
-1,-1,-1,-1
5651,0,0,0
5652,0,0,0
5653,0,0,0
5654,0,0,0
5655,1,1,0
5656,1,1,0
5657,1,1,0
5658,1,1,0
5659,1,1,0
5660,1,1,0
5661,0,1,0
5662,0,1,0
5663,0,1,0
5664,0,1,0
5665,0,1,0
5666,0,1,0
5667,0,1,0
5668,0,1,0
5669,0,1,0
5670,0,1,0
5671,0,1,0
5672,0,1,0
5673,0,1,0
5674,0,1,0
5675,1,1,0
5676,1,1,0
5677,1,1,0
5678,1,1,0
5679,1,1,0
5680,1,1,0
5681,1,1,0
5682,1,1,0
5683,1,1,0
-1,-1,-1,-1
5805,1,1,0
5806,1,1,0
5807,1,1,0
5808,1,1,0
5809,1,1,0
5810,1,1,0
5811,1,1,0
5812,1,1,0
5813,1,1,0
5814,1,1,0
5815,1,2,0
5816,0,0,0
5817,0,0,0
5818,0,0,0
5819,0,0,0
5820,1,1,1
5821,1,1,0
5822,1,1,0
5823,1,2,0
5824,1,0,0
-1,-1,-1,-1
5813,1,1,0
5814,1,1,0
5815,1,2,0
5816,0,0,0
5817,0,0,0
5818,0,0,0
5819,0,0,0
5820,1,1,1
5821,1,1,0
5822,1,1,0
5823,1,2,0
5824,1,0,0
5825,0,0,0
5826,0,0,0
5827,1,0,0
5828,1,0,0
5829,1,0,0
5830,1,1,0
5831,1,1,0
5832,1,1,0
5833,1,1,0
-1,-1,-1,-1
5817,0,0,0
5818,0,0,0
5819,0,0,0
5820,1,1,1
5821,1,1,0
5822,1,1,0
5823,1,2,0
5824,1,0,0
5825,0,0,0
5826,0,0,0
5827,1,0,0
5828,1,0,0
5829,1,0,0
5830,1,1,0
5831,1,1,0
5832,1,1,0
5833,1,1,0
5834,1,1,0
5835,1,1,0
5836,1,1,0
5837,1,1,0
5838,1,1,0
-1,-1,-1,-1
5933,1,1,0
5934,1,1,0
5935,1,1,0
5936,1,1,0
5937,1,1,0
5938,1,1,0
5939,1,1,0
5940,1,1,0
5941,1,1,0
5942,1,1,0
5943,1,2,0
5944,0,0,0
5945,1,1,0
5946,1,1,0
5947,1,1,0
5948,1,1,0
5949,1,1,0
5950,1,1,0
5951,1,1,0
5952,1,1,0
-1,-1,-1,-1
5989,0,0,0
5990,0,0,0
5991,0,0,0
5992,0,0,0
5993,0,0,0
5994,0,0,0
5995,0,0,0
5996,0,0,0
5997,0,0,0
5998,0,0,0
5999,0,1,0
6000,0,1,0
6001,0,1,0
6002,1,1,0
6003,1,1,0
6004,1,1,0
6005,1,1,0
6006,1,1,0
6007,1,1,0
6008,1,1,0
6009,1,1,0
6010,1,1,0
-1,-1,-1,-1
6031,1,1,0
6032,1,1,0
6033,1,1,0
6034,1,1,0
6035,2,2,0
6036,0,0,0
6037,0,0,0
6038,0,0,0
6039,0,0,0
6040,0,0,0
6041,1,0,0
6042,1,0,0
6043,1,0,0
6044,1,0,0
6045,1,0,0
6046,1,0,0
6047,1,0,0
6048,1,0,0
6049,1,0,0
6050,1,0,0
6051,1,0,0
6052,1,0,0
6053,1,0,0
6054,1,0,0
6055,1,0,0
6056,1,1,0
6057,1,1,0
6058,1,1,0
6059,1,1,0
6060,1,1,0
6061,1,1,0
6062,1,1,0
6063,1,1,0
6064,1,1,0
-1,-1,-1,-1
6114,1,1,0
6115,1,1,0
6116,1,1,0
6117,1,1,0
6118,2,2,0
6119,0,0,0
6120,0,0,0
6121,0,0,0
6122,0,0,0
6123,1,1,1
6124,1,2,0
6125,1,0,0
6126,1,1,0
6127,1,1,0
6128,1,1,0
6129,1,1,0
6130,1,1,0
6131,1,1,0
6132,1,1,0
6133,1,1,0
6134,1,1,0
-1,-1,-1,-1
6151,1,1,0
6152,1,1,0
6153,1,1,0
6154,1,1,0
6155,1,1,0
6156,1,1,0
6157,1,1,0
6158,1,1,0
6159,1,1,0
6160,1,1,0
6161,1,2,0
6162,1,0,0
6163,1,0,0
6164,1,0,0
6165,1,1,0
6166,1,1,0
6167,1,1,0
6168,1,1,0
6169,1,1,0
6170,1,1,0
6171,1,1,0
6172,1,1,0
6173,1,1,0
-1,-1,-1,-1
6372,1,1,0
6373,1,1,0
6374,1,1,0
6375,1,1,0
6376,1,1,0
6377,1,1,0
6378,1,1,0
6379,1,1,0
6380,1,1,0
6381,1,1,0
6382,1,2,0
6383,1,0,0
6384,1,0,0
6385,1,0,0
6386,1,0,0
6387,1,1,0
6388,1,1,0
6389,1,1,0
6390,1,1,0
6391,1,1,0
6392,1,1,0
6393,1,1,0
6394,1,1,0
6395,1,1,0
-1,-1,-1,-1
6715,1,1,0
6716,1,1,0
6717,1,1,0
6718,1,1,0
6719,1,1,0
6720,1,1,0
6721,1,1,0
6722,1,1,0
6723,1,1,0
6724,1,1,0
6725,1,2,0
6726,1,1,0
6727,1,1,0
6728,1,1,0
6729,1,1,0
6730,1,1,0
6731,1,1,0
6732,1,1,0
6733,1,1,0
6734,1,1,0
-1,-1,-1,-1
6837,1,1,0
6838,1,1,0
6839,1,1,0
6840,1,1,0
6841,1,1,0
6842,1,1,0
6843,1,1,0
6844,1,1,0
6845,1,1,0
6846,1,1,0
6847,0,1,0
6848,0,1,0
6849,0,2,0
6850,0,0,0
6851,0,0,0
6852,0,0,0
6853,0,0,0
6854,1,1,0
6855,1,1,0
6856,1,1,0
6857,1,1,0
6858,1,1,0
-1,-1,-1,-1
7058,1,1,0
7059,1,1,0
7060,1,1,0
7061,1,1,0
7062,1,1,0
7063,1,1,0
7064,1,1,0
7065,1,1,0
7066,1,1,0
7067,1,1,0
7068,1,2,0
7069,1,0,0
7070,1,0,0
7071,1,0,0
7072,1,0,0
7073,1,1,0
7074,1,1,0
7075,1,1,0
7076,1,1,0
7077,1,1,0
7078,1,1,0
7079,1,1,0
7080,1,1,0
7081,1,1,0
-1,-1,-1,-1
7089,1,1,0
7090,1,1,0
7091,1,1,0
7092,1,1,0
7093,1,1,0
7094,1,1,0
7095,1,1,0
7096,1,1,1
7097,1,1,0
7098,1,1,0
7099,1,2,0
7100,1,0,0
7101,1,0,0
7102,1,0,0
7103,1,1,0
7104,1,1,0
7105,1,1,0
7106,1,1,0
7107,1,1,0
7108,1,1,1
7109,1,1,0
7110,1,1,0
7111,1,1,0
-1,-1,-1,-1
7197,1,1,0
7198,1,1,0
7199,1,1,0
7200,1,1,0
7201,1,1,0
7202,1,1,0
7203,1,1,0
7204,1,1,0
7205,1,1,0
7206,1,1,0
7207,1,2,0
7208,1,0,0
7209,1,0,0
7210,1,0,0
7211,1,0,0
7212,1,0,0
7213,1,1,0
7214,1,1,0
7215,1,1,0
7216,1,1,0
7217,1,1,0
7218,1,1,0
7219,1,1,0
7220,1,1,0
7221,1,1,0
-1,-1,-1,-1
7237,0,0,0
7238,0,0,0
7239,0,0,0
7240,0,0,0
7241,0,0,0
7242,0,0,0
7243,0,0,0
7244,0,0,0
7245,0,0,0
7246,1,1,0
7247,2,1,0
7248,0,1,0
7249,0,1,0
7250,0,1,0
7251,0,1,0
7252,0,1,0
7253,0,1,0
7254,0,1,0
7255,0,1,0
7256,0,1,0
7257,0,1,0
7258,0,1,0
7259,0,1,0
7260,0,1,0
7261,0,1,0
7262,1,1,0
7263,1,1,0
7264,1,1,0
7265,1,1,0
7266,1,1,0
7267,1,1,0
7268,1,1,0
7269,1,1,0
7270,1,1,0
-1,-1,-1,-1
7485,1,1,0
7486,1,1,0
7487,1,1,0
7488,1,1,0
7489,1,1,0
7490,1,1,0
7491,1,1,0
7492,1,1,0
7493,1,1,0
7494,1,1,0
7495,1,2,0
7496,1,0,0
7497,1,0,0
7498,1,0,0
7499,1,0,0
7500,1,0,0
7501,1,0,0
7502,1,0,0
7503,1,0,0
7504,1,0,0
7505,1,1,0
7506,1,1,0
7507,1,1,0
7508,1,1,0
7509,1,1,0
7510,1,1,0
7511,1,1,0
7512,1,1,0
7513,1,1,0
-1,-1,-1,-1
7882,1,1,0
7883,1,1,0
7884,1,1,0
7885,1,1,0
7886,1,1,0
7887,1,1,0
7888,1,1,0
7889,1,1,0
7890,1,1,0
7891,1,1,0
7892,1,2,0
7893,1,0,0
7894,1,1,0
7895,1,1,0
7896,1,1,0
7897,1,1,0
7898,1,1,0
7899,1,1,0
7900,1,1,0
7901,1,1,0
7902,1,1,0
-1,-1,-1,-1
7918,1,1,0
7919,1,1,0
7920,1,1,0
7921,1,1,0
7922,1,1,0
7923,1,1,0
7924,1,1,0
7925,1,1,0
7926,1,1,0
7927,1,1,0
7928,1,2,0
7929,1,0,0
7930,1,0,0
7931,1,0,0
7932,1,0,0
7933,1,1,1
7934,1,1,0
7935,1,1,0
7936,1,1,0
7937,1,1,0
7938,1,1,0
7939,1,1,0
7940,1,1,0
7941,1,1,0
-1,-1,-1,-1
7932,1,0,0
7933,1,1,1
7934,1,1,0
7935,1,1,0
7936,1,1,0
7937,1,1,0
7938,1,1,0
7939,1,1,0
7940,1,1,0
7941,1,1,0
7942,1,2,0
7943,1,0,0
7944,1,1,0
7945,1,1,0
7946,1,1,0
7947,1,1,0
7948,1,1,0
7949,1,1,0
7950,1,1,0
7951,1,1,0
7952,1,1,0
-1,-1,-1,-1
8019,1,1,0
8020,1,1,0
8021,1,1,0
8022,1,1,0
8023,1,1,0
8024,1,1,0
8025,1,1,0
8026,2,2,0
8027,0,0,0
8028,0,0,0
8029,2,0,0
8030,0,0,0
8031,0,0,0
8032,0,0,0
8033,0,0,0
8034,0,0,0
8035,0,0,0
8036,0,0,0
8037,0,0,0
8038,0,0,0
-1,-1,-1,-1
8035,0,0,0
8036,0,0,0
8037,0,0,0
8038,0,0,0
8039,0,0,0
8040,0,0,0
8041,0,0,0
8042,0,0,0
8043,0,0,0
8044,0,0,0
8045,1,0,0
8046,1,0,0
8047,1,0,0
8048,1,0,0
8049,1,0,0
8050,1,1,0
8051,1,1,0
8052,1,1,0
8053,1,1,0
8054,1,1,0
8055,1,1,0
8056,1,1,0
8057,1,1,0
8058,1,1,0
-1,-1,-1,-1
8180,1,1,0
8181,1,1,0
8182,1,1,0
8183,1,1,0
8184,1,1,0
8185,1,1,0
8186,1,1,0
8187,1,1,0
8188,2,2,0
8189,0,0,0
8190,1,0,0
8191,1,0,0
8192,1,0,0
8193,1,0,0
8194,1,1,0
8195,1,1,0
8196,1,1,0
8197,1,1,0
8198,1,1,0
8199,1,1,0
8200,1,1,0
8201,1,1,0
8202,1,1,0
-1,-1,-1,-1
8228,1,1,0
8229,1,1,0
8230,1,1,0
8231,1,1,0
8232,1,1,0
8233,1,1,0
8234,1,1,0
8235,1,1,0
8236,1,1,0
8237,1,1,1
8238,1,2,0
8239,1,0,0
8240,1,0,0
8241,1,1,0
8242,1,1,0
8243,1,1,0
8244,1,1,0
8245,1,1,0
8246,1,1,0
8247,1,1,0
8248,1,1,0
8249,1,1,0
-1,-1,-1,-1
8259,1,1,0
8260,1,1,0
8261,1,1,0
8262,1,1,0
8263,1,1,0
8264,1,1,0
8265,1,1,0
8266,1,1,0
8267,1,1,0
8268,1,1,0
8269,1,2,0
8270,1,0,0
8271,1,0,0
8272,1,0,0
8273,1,0,0
8274,1,0,0
8275,1,0,0
8276,1,0,0
8277,1,0,0
8278,1,0,0
8279,1,1,0
8280,1,1,0
8281,1,1,0
8282,1,1,0
8283,1,1,0
8284,1,1,0
8285,1,1,0
8286,1,1,0
8287,1,1,0
-1,-1,-1,-1
8318,0,0,0
8319,0,0,0
8320,0,0,0
8321,0,0,0
8322,0,0,0
8323,0,0,0
8324,0,0,0
8325,0,0,0
8326,0,0,0
8327,0,0,0
8328,1,0,0
8329,1,1,0
8330,1,1,0
8331,1,1,0
8332,1,1,0
8333,1,1,0
8334,1,1,0
8335,1,1,0
8336,1,1,0
8337,1,1,0
-1,-1,-1,-1
8494,1,1,0
8495,1,1,0
8496,1,1,0
8497,1,1,0
8498,1,1,0
8499,1,1,0
8500,2,2,0
8501,0,0,0
8502,0,0,0
8503,0,0,0
8504,1,0,0
8505,1,0,0
8506,1,0,0
8507,1,0,0
8508,1,0,0
8509,1,0,0
8510,1,0,0
8511,1,0,0
8512,1,1,0
8513,1,1,0
8514,1,1,0
8515,1,1,0
8516,1,1,0
8517,1,1,0
8518,1,1,0
8519,1,1,0
8520,1,1,0
-1,-1,-1,-1
8541,1,1,0
8542,1,1,0
8543,1,1,0
8544,1,1,0
8545,1,1,0
8546,1,1,0
8547,2,2,0
8548,0,0,0
8549,0,0,0
8550,0,0,0
8551,1,0,0
8552,1,0,0
8553,1,0,0
8554,1,0,0
8555,1,0,0
8556,1,0,0
8557,1,1,1
8558,1,1,0
8559,1,1,0
8560,1,1,0
8561,1,1,0
8562,1,1,0
8563,1,1,0
8564,1,1,0
8565,1,2,0
-1,-1,-1,-1
8555,1,0,0
8556,1,0,0
8557,1,1,1
8558,1,1,0
8559,1,1,0
8560,1,1,0
8561,1,1,0
8562,1,1,0
8563,1,1,0
8564,1,1,0
8565,1,2,0
8566,1,0,0
8567,1,1,0
8568,1,1,0
8569,1,1,0
8570,1,1,0
8571,1,1,0
8572,1,1,0
8573,1,1,0
8574,1,1,0
8575,1,1,0
-1,-1,-1,-1
8567,1,1,0
8568,1,1,0
8569,1,1,0
8570,1,1,0
8571,1,1,0
8572,1,1,0
8573,1,1,0
8574,1,1,0
8575,1,1,0
8576,1,1,1
8577,1,2,0
8578,1,1,0
8579,1,1,0
8580,1,1,0
8581,1,1,0
8582,1,1,0
8583,1,1,0
8584,1,1,0
8585,1,1,0
8586,1,1,0
-1,-1,-1,-1
8620,1,1,0
8621,1,1,0
8622,1,1,0
8623,1,1,0
8624,1,1,0
8625,1,1,0
8626,1,1,0
8627,1,1,0
8628,1,1,0
8629,1,1,0
8630,1,2,0
8631,1,0,0
8632,1,0,0
8633,1,0,0
8634,1,0,0
8635,1,0,0
8636,1,0,0
8637,1,0,0
8638,1,0,0
8639,1,1,0
8640,1,1,0
8641,1,1,0
8642,1,1,0
8643,1,1,0
8644,1,1,0
8645,1,1,0
8646,1,1,0
8647,1,1,0
-1,-1,-1,-1
8639,1,1,0
8640,1,1,0
8641,1,1,0
8642,1,1,0
8643,1,1,0
8644,1,1,0
8645,1,1,0
8646,1,1,0
8647,1,1,0
8648,1,1,0
8649,1,2,0
8650,1,1,0
8651,1,1,0
8652,1,1,0
8653,1,1,0
8654,1,1,0
8655,1,1,0
8656,1,1,0
8657,1,1,0
8658,1,1,0
-1,-1,-1,-1
8804,1,1,0
8805,1,1,0
8806,1,1,0
8807,1,1,0
8808,1,1,0
8809,1,1,0
8810,1,1,0
8811,1,1,0
8812,1,1,0
8813,1,1,0
8814,1,2,0
8815,1,0,0
8816,1,0,0
8817,1,1,0
8818,1,1,0
8819,1,1,0
8820,1,1,0
8821,1,1,0
8822,1,1,0
8823,1,1,0
8824,1,1,0
8825,1,1,0
-1,-1,-1,-1
8817,1,1,0
8818,1,1,0
8819,1,1,0
8820,1,1,0
8821,1,1,0
8822,1,1,0
8823,1,1,0
8824,1,1,0
8825,1,1,0
8826,1,1,0
8827,1,2,0
8828,1,0,0
8829,1,1,0
8830,1,1,0
8831,1,1,0
8832,1,1,0
8833,1,1,0
8834,1,1,0
8835,1,1,0
8836,1,1,0
8837,1,1,0
-1,-1,-1,-1
8855,2,2,0
8856,0,0,0
8857,0,0,0
8858,0,0,0
8859,0,0,0
8860,0,0,0
8861,0,0,0
8862,0,0,0
8863,0,0,0
8864,0,0,0
8865,0,1,0
8866,0,1,0
8867,1,1,0
8868,1,1,0
8869,1,1,0
8870,1,1,0
8871,1,1,0
8872,1,1,0
8873,1,1,1
8874,1,1,0
8875,1,1,0
-1,-1,-1,-1
8886,1,1,0
8887,1,1,0
8888,1,1,0
8889,1,1,0
8890,1,1,0
8891,1,1,0
8892,1,1,0
8893,1,1,0
8894,1,1,0
8895,1,1,0
8896,1,2,0
8897,1,0,0
8898,1,0,0
8899,1,0,0
8900,1,0,0
8901,1,0,0
8902,1,0,0
8903,1,0,0
8904,1,0,0
8905,1,0,0
8906,1,0,0
8907,1,0,0
8908,1,1,0
8909,1,1,0
8910,1,1,0
8911,1,1,0
8912,1,1,0
8913,1,1,0
8914,1,1,0
8915,1,1,0
8916,1,1,0
-1,-1,-1,-1
8963,1,1,0
8964,1,1,0
8965,1,1,0
8966,1,1,0
8967,1,1,0
8968,1,1,0
8969,1,1,0
8970,1,1,0
8971,1,1,0
8972,1,1,0
8973,2,1,0
8974,0,1,0
8975,0,1,0
8976,0,1,0
8977,1,1,0
8978,1,1,0
8979,1,1,0
8980,1,1,0
8981,1,1,0
8982,1,1,0
8983,1,1,0
8984,1,1,0
8985,1,1,0
-1,-1,-1,-1
9030,1,1,0
9031,1,1,0
9032,1,1,0
9033,1,1,0
9034,1,1,0
9035,1,1,0
9036,1,1,0
9037,1,1,0
9038,1,1,0
9039,1,1,0
9040,1,2,0
9041,1,0,0
9042,1,0,0
9043,1,0,0
9044,1,0,0
9045,1,0,0
9046,1,1,0
9047,1,1,0
9048,1,1,0
9049,1,1,0
9050,1,1,0
9051,1,2,0
9052,1,0,0
9053,1,0,0
9054,1,0,0
-1,-1,-1,-1
9041,1,0,0
9042,1,0,0
9043,1,0,0
9044,1,0,0
9045,1,0,0
9046,1,1,0
9047,1,1,0
9048,1,1,0
9049,1,1,0
9050,1,1,0
9051,1,2,0
9052,1,0,0
9053,1,0,0
9054,1,0,0
9055,1,1,1
9056,1,1,0
9057,1,1,0
9058,1,1,0
9059,1,1,0
9060,1,1,0
9061,1,1,0
9062,1,1,0
9063,1,1,0
-1,-1,-1,-1
9058,1,1,0
9059,1,1,0
9060,1,1,0
9061,1,1,0
9062,1,1,0
9063,1,1,0
9064,1,1,0
9065,1,1,0
9066,1,1,0
9067,1,1,0
9068,1,2,0
9069,1,0,0
9070,1,0,0
9071,1,0,0
9072,1,2,1
9073,1,0,0
9074,1,0,0
9075,1,0,0
9076,1,0,0
9077,1,0,0
9078,1,0,0
9079,1,0,0
9080,1,0,0
9081,1,0,0
9082,1,0,0
9083,1,0,0
9084,1,0,0
9085,1,0,0
9086,1,1,0
9087,1,1,0
9088,1,1,0
9089,1,1,0
9090,1,1,0
9091,1,1,0
9092,1,1,0
9093,1,1,0
9094,1,1,0
-1,-1,-1,-1
9306,1,1,0
9307,1,1,0
9308,1,1,0
9309,1,1,0
9310,1,1,0
9311,1,1,0
9312,1,1,0
9313,1,1,0
9314,1,1,0
9315,1,1,0
9316,1,2,0
9317,1,0,0
9318,1,0,0
9319,1,1,0
9320,1,1,0
9321,1,1,0
9322,1,1,0
9323,1,1,0
9324,1,1,0
9325,1,1,0
9326,1,1,0
9327,1,1,0
-1,-1,-1,-1
9724,1,1,0
9725,1,1,0
9726,1,1,0
9727,1,1,0
9728,1,1,0
9729,1,1,0
9730,1,1,0
9731,1,1,0
9732,1,1,0
9733,1,1,0
9734,1,2,0
9735,1,0,0
9736,1,0,0
9737,1,0,0
9738,1,0,0
9739,1,0,0
9740,1,0,0
9741,1,0,0
9742,1,0,0
9743,1,0,0
9744,1,0,0
9745,1,0,0
9746,1,0,0
9747,1,0,0
9748,1,0,0
9749,1,0,0
9750,1,1,0
9751,1,1,0
9752,1,1,0
9753,1,1,0
9754,1,1,0
9755,1,1,0
9756,1,1,0
9757,1,1,0
9758,1,1,0
-1,-1,-1,-1
9905,1,1,0
9906,1,1,0
9907,1,1,0
9908,1,1,0
9909,1,1,0
9910,1,1,0
9911,1,1,0
9912,1,1,0
9913,1,1,0
9914,1,1,0
9915,1,2,0
9916,1,0,0
9917,1,0,0
9918,1,0,0
9919,1,0,0
9920,1,1,0
9921,1,1,0
9922,1,1,0
9923,1,1,0
9924,1,1,0
9925,1,1,0
9926,1,1,0
9927,1,1,0
9928,1,1,0
-1,-1,-1,-1
9989,1,1,0
9990,1,1,0
9991,1,1,0
9992,1,1,0
9993,1,1,0
9994,1,1,0
9995,1,1,0
9996,2,2,0
9997,0,0,0
9998,0,0,0
9999,0,1,0
10000,0,1,0
10001,0,1,0
10002,0,1,0
10003,0,1,0
10004,1,1,0
10005,1,1,0
10006,1,1,0
10007,1,1,0
10008,1,1,0
10009,1,1,0
10010,1,1,0
10011,1,1,0
10012,1,1,0
-1,-1,-1,-1
10026,1,1,0
10027,1,1,0
10028,1,1,0
10029,1,1,0
10030,1,1,0
10031,1,1,0
10032,1,1,0
10033,1,1,0
10034,1,1,0
10035,1,1,0
10036,1,2,0
10037,0,0,0
10038,0,0,0
10039,0,1,0
10040,0,2,0
10041,0,0,0
10042,0,0,0
10043,0,0,0
10044,0,0,0
10045,0,0,0
-1,-1,-1,-1
10029,1,1,0
10030,1,1,0
10031,1,1,0
10032,1,1,0
10033,1,1,0
10034,1,1,0
10035,1,1,0
10036,1,2,0
10037,0,0,0
10038,0,0,0
10039,0,1,0
10040,0,2,0
10041,0,0,0
10042,0,0,0
10043,0,0,0
10044,0,0,0
10045,0,0,0
10046,0,0,0
10047,0,0,0
10048,1,1,0
10049,1,1,0
-1,-1,-1,-1
10052,1,1,0
10053,1,1,0
10054,1,1,0
10055,1,1,0
10056,1,1,0
10057,1,1,0
10058,1,1,0
10059,1,1,0
10060,1,1,0
10061,1,1,0
10062,1,2,0
10063,1,0,0
10064,1,0,0
10065,1,0,0
10066,1,0,0
10067,1,0,0
10068,1,1,0
10069,1,1,0
10070,1,1,0
10071,1,1,0
10072,1,1,0
10073,1,1,0
10074,1,1,0
10075,1,1,0
10076,1,1,0
-1,-1,-1,-1
10082,1,1,0
10083,1,1,0
10084,1,1,0
10085,1,1,0
10086,1,1,0
10087,1,1,0
10088,1,1,0
10089,1,1,0
10090,1,1,0
10091,1,1,0
10092,1,2,0
10093,0,1,0
10094,0,2,0
10095,0,0,0
10096,0,0,0
10097,0,0,0
10098,0,0,0
10099,0,0,0
10100,1,1,0
10101,1,1,0
10102,1,2,0
10103,1,0,0
-1,-1,-1,-1
10092,1,2,0
10093,0,1,0
10094,0,2,0
10095,0,0,0
10096,0,0,0
10097,0,0,0
10098,0,0,0
10099,0,0,0
10100,1,1,0
10101,1,1,0
10102,1,2,0
10103,1,0,0
10104,1,0,0
10105,2,0,0
10106,0,0,0
10107,1,0,0
10108,1,0,0
10109,1,0,0
10110,1,1,0
10111,1,1,0
10112,1,1,0
10113,1,1,0
10114,1,1,0
-1,-1,-1,-1
10097,0,0,0
10098,0,0,0
10099,0,0,0
10100,1,1,0
10101,1,1,0
10102,1,2,0
10103,1,0,0
10104,1,0,0
10105,2,0,0
10106,0,0,0
10107,1,0,0
10108,1,0,0
10109,1,0,0
10110,1,1,0
10111,1,1,0
10112,1,1,0
10113,1,1,0
10114,1,1,0
10115,1,1,0
10116,1,1,0
10117,1,1,0
10118,1,1,0
-1,-1,-1,-1
10141,1,1,0
10142,1,1,0
10143,1,1,0
10144,1,1,0
10145,1,1,0
10146,1,1,0
10147,1,1,0
10148,1,1,0
10149,1,1,0
10150,1,1,0
10151,2,1,0
10152,0,1,0
10153,0,1,0
10154,0,1,0
10155,1,1,0
10156,1,1,0
10157,1,1,0
10158,1,1,0
10159,1,1,0
10160,1,1,0
10161,1,1,0
10162,1,1,0
10163,1,1,0
-1,-1,-1,-1
10207,1,1,0
10208,1,1,0
10209,1,1,0
10210,1,1,0
10211,1,1,0
10212,1,1,0
10213,1,1,0
10214,1,1,0
10215,1,1,0
10216,1,1,0
10217,0,1,0
10218,0,1,0
10219,0,1,0
10220,0,1,0
10221,0,1,0
10222,1,1,0
10223,1,1,0
10224,1,1,0
10225,1,1,0
10226,1,1,0
10227,1,1,0
10228,1,1,0
10229,1,1,0
10230,1,1,0
-1,-1,-1,-1
10233,1,1,0
10234,1,1,0
10235,1,1,0
10236,1,1,0
10237,1,1,0
10238,1,1,0
10239,1,1,0
10240,1,1,0
10241,1,1,0
10242,1,1,0
10243,1,2,0
10244,1,0,0
10245,1,0,0
10246,1,1,0
10247,1,1,0
10248,1,1,0
10249,1,1,0
10250,1,1,0
10251,1,1,0
10252,1,1,0
10253,1,1,0
10254,1,1,0
-1,-1,-1,-1
10535,1,1,0
10536,1,1,1
10537,1,1,0
10538,1,1,0
10539,1,1,0
10540,1,1,0
10541,1,1,0
10542,1,1,0
10543,1,1,0
10544,1,1,0
10545,1,2,0
10546,1,0,0
10547,1,0,0
10548,1,1,1
10549,1,1,0
10550,1,1,0
10551,1,1,0
10552,1,1,0
10553,1,1,0
10554,1,1,0
10555,1,1,0
10556,1,1,0
-1,-1,-1,-1
10628,1,1,0
10629,1,1,0
10630,1,1,0
10631,1,1,0
10632,1,1,0
10633,1,1,0
10634,1,1,0
10635,1,1,0
10636,1,1,0
10637,1,1,0
10638,2,1,0
10639,0,1,0
10640,0,1,0
10641,0,1,0
10642,0,1,0
10643,0,1,0
10644,0,1,0
10645,0,1,0
10646,0,1,0
10647,0,1,0
10648,0,1,0
10649,0,1,0
10650,0,1,0
10651,0,1,0
10652,1,1,0
10653,1,1,0
10654,0,1,0
10655,0,1,0
10656,2,2,0
10657,0,0,0
10658,0,0,0
10659,0,0,0
10660,0,0,0
-1,-1,-1,-1
10644,0,1,0
10645,0,1,0
10646,0,1,0
10647,0,1,0
10648,0,1,0
10649,0,1,0
10650,0,1,0
10651,0,1,0
10652,1,1,0
10653,1,1,0
10654,0,1,0
10655,0,1,0
10656,2,2,0
10657,0,0,0
10658,0,0,0
10659,0,0,0
10660,0,0,0
10661,0,0,0
10662,0,0,0
10663,0,0,0
10664,0,0,0
-1,-1,-1,-1
10658,0,0,0
10659,0,0,0
10660,0,0,0
10661,0,0,0
10662,0,0,0
10663,0,0,0
10664,0,0,0
10665,0,0,0
10666,0,0,0
10667,0,0,0
10668,0,1,0
10669,1,1,0
10670,1,1,0
10671,1,1,0
10672,1,1,0
10673,1,1,0
10674,1,1,0
10675,1,1,0
10676,1,1,0
10677,1,1,0
-1,-1,-1,-1
10833,0,0,0
10834,0,0,0
10835,1,1,1
10836,1,1,0
10837,1,1,0
10838,1,1,0
10839,1,1,0
10840,1,1,0
10841,1,1,0
10842,1,1,0
10843,1,2,0
10844,1,0,0
10845,1,1,0
10846,1,1,0
10847,1,1,0
10848,1,1,0
10849,1,1,0
10850,1,1,0
10851,1,1,0
10852,1,1,0
10853,1,1,0
-1,-1,-1,-1
10849,1,1,0
10850,1,1,0
10851,1,1,0
10852,1,1,0
10853,1,1,0
10854,1,1,0
10855,1,1,0
10856,1,1,0
10857,1,1,0
10858,1,1,0
10859,1,2,0
10860,1,0,0
10861,1,1,0
10862,1,1,0
10863,1,1,0
10864,1,1,0
10865,1,1,0
10866,1,1,0
10867,1,1,0
10868,1,1,0
10869,1,1,0
-1,-1,-1,-1
10876,1,1,0
10877,1,1,0
10878,1,1,0
10879,1,1,0
10880,1,1,0
10881,1,1,0
10882,1,1,0
10883,1,1,0
10884,1,1,0
10885,1,1,0
10886,1,2,0
10887,1,0,0
10888,2,0,0
10889,0,0,0
10890,0,0,0
10891,0,0,0
10892,0,0,0
10893,0,0,0
10894,0,0,0
10895,0,0,0
10896,0,0,0
10897,0,0,0
-1,-1,-1,-1
11042,1,1,0
11043,1,1,0
11044,1,1,0
11045,1,1,0
11046,1,1,0
11047,1,1,0
11048,1,1,0
11049,1,1,0
11050,1,1,0
11051,1,1,0
11052,1,2,0
11053,1,0,0
11054,1,1,0
11055,1,1,0
11056,1,1,0
11057,1,1,0
11058,1,1,0
11059,1,1,0
11060,1,1,0
11061,1,1,0
11062,1,1,0
-1,-1,-1,-1
11067,1,1,0
11068,1,1,0
11069,1,1,0
11070,1,1,0
11071,1,1,0
11072,1,1,0
11073,1,1,0
11074,1,1,0
11075,1,1,0
11076,1,1,0
11077,1,2,0
11078,1,0,0
11079,1,1,1
11080,1,1,0
11081,1,1,0
11082,1,1,0
11083,1,1,0
11084,1,1,0
11085,1,2,0
11086,1,1,0
11087,1,1,0
-1,-1,-1,-1
11075,1,1,0
11076,1,1,0
11077,1,2,0
11078,1,0,0
11079,1,1,1
11080,1,1,0
11081,1,1,0
11082,1,1,0
11083,1,1,0
11084,1,1,0
11085,1,2,0
11086,1,1,0
11087,1,1,0
11088,1,1,0
11089,1,1,0
11090,1,1,0
11091,1,1,0
11092,1,1,0
11093,1,1,0
11094,1,1,0
-1,-1,-1,-1
11587,1,1,0
11588,1,1,0
11589,1,1,0
11590,1,1,0
11591,1,1,0
11592,1,1,0
11593,1,1,0
11594,1,1,0
11595,1,1,0
11596,1,1,0
11597,1,2,0
11598,1,0,0
11599,1,0,0
11600,1,0,0
11601,1,0,0
11602,1,1,1
11603,1,1,0
11604,1,1,0
11605,1,1,0
11606,1,2,0
11607,1,0,0
11608,1,0,0
11609,1,1,0
11610,1,1,0
-1,-1,-1,-1
11596,1,1,0
11597,1,2,0
11598,1,0,0
11599,1,0,0
11600,1,0,0
11601,1,0,0
11602,1,1,1
11603,1,1,0
11604,1,1,0
11605,1,1,0
11606,1,2,0
11607,1,0,0
11608,1,0,0
11609,1,1,0
11610,1,1,0
11611,1,1,0
11612,1,1,0
11613,1,1,0
11614,1,1,0
11615,1,1,0
11616,1,1,1
11617,1,1,0
-1,-1,-1,-1
11621,1,1,0
11622,1,1,0
11623,1,1,0
11624,1,1,0
11625,1,1,0
11626,1,1,0
11627,1,1,0
11628,1,1,0
11629,1,1,0
11630,1,1,0
11631,1,2,0
11632,1,1,0
11633,1,1,0
11634,1,2,0
11635,1,0,0
11636,1,0,0
11637,1,0,0
11638,1,1,0
11639,1,1,0
11640,1,1,0
-1,-1,-1,-1
11624,1,1,0
11625,1,1,0
11626,1,1,0
11627,1,1,0
11628,1,1,0
11629,1,1,0
11630,1,1,0
11631,1,2,0
11632,1,1,0
11633,1,1,0
11634,1,2,0
11635,1,0,0
11636,1,0,0
11637,1,0,0
11638,1,1,0
11639,1,1,0
11640,1,1,0
11641,1,1,0
11642,1,1,0
11643,1,1,0
11644,1,2,0
11645,1,1,0
11646,1,1,0
-1,-1,-1,-1
11634,1,2,0
11635,1,0,0
11636,1,0,0
11637,1,0,0
11638,1,1,0
11639,1,1,0
11640,1,1,0
11641,1,1,0
11642,1,1,0
11643,1,1,0
11644,1,2,0
11645,1,1,0
11646,1,1,0
11647,1,1,0
11648,1,1,0
11649,1,1,0
11650,1,1,0
11651,1,1,0
11652,1,1,0
11653,1,1,0
-1,-1,-1,-1
11682,1,1,0
11683,1,1,0
11684,1,1,0
11685,1,1,0
11686,1,1,0
11687,1,1,0
11688,1,1,0
11689,1,1,0
11690,1,1,0
11691,1,1,0
11692,1,2,0
11693,1,0,0
11694,1,0,0
11695,1,1,0
11696,1,1,0
11697,1,1,0
11698,2,2,0
11699,0,0,0
11700,0,0,0
11701,0,0,0
11702,0,0,0
11703,0,0,0
-1,-1,-1,-1
11721,1,1,0
11722,1,1,0
11723,1,1,0
11724,1,1,0
11725,1,1,0
11726,1,1,0
11727,1,1,0
11728,1,1,0
11729,1,1,0
11730,1,1,0
11731,1,2,0
11732,1,1,0
11733,1,1,0
11734,1,1,0
11735,1,1,0
11736,1,1,0
11737,1,1,0
11738,1,1,0
11739,1,1,0
11740,1,1,0
-1,-1,-1,-1
11744,1,1,0
11745,1,1,0
11746,1,1,0
11747,1,1,0
11748,1,1,0
11749,1,1,0
11750,1,1,0
11751,1,1,0
11752,1,1,0
11753,1,1,0
11754,1,2,0
11755,1,0,0
11756,1,1,0
11757,1,1,0
11758,1,1,0
11759,1,1,0
11760,1,1,0
11761,1,1,0
11762,1,1,0
11763,1,1,0
11764,1,1,0
-1,-1,-1,-1
11859,1,1,0
11860,1,1,0
11861,1,1,0
11862,1,1,0
11863,1,1,0
11864,1,1,0
11865,1,1,0
11866,1,1,0
11867,1,1,0
11868,1,1,0
11869,1,2,0
11870,1,1,0
11871,1,1,0
11872,1,1,0
11873,1,1,0
11874,1,1,0
11875,1,1,0
11876,1,1,0
11877,1,1,0
11878,1,1,0
-1,-1,-1,-1
11921,1,1,0
11922,1,1,0
11923,1,1,0
11924,1,1,0
11925,1,1,0
11926,1,1,0
11927,1,1,1
11928,1,1,0
11929,1,1,0
11930,1,1,0
11931,1,2,0
11932,1,0,0
11933,1,0,0
11934,1,0,0
11935,1,1,0
11936,1,1,0
11937,1,1,0
11938,1,1,0
11939,1,1,0
11940,1,1,0
11941,1,1,0
11942,1,1,0
11943,1,1,0
-1,-1,-1,-1
11971,1,1,0
11972,1,1,0
11973,1,1,0
11974,1,1,0
11975,1,1,0
11976,1,1,0
11977,1,1,0
11978,1,1,0
11979,1,1,0
11980,1,1,0
11981,1,2,0
11982,1,0,0
11983,1,0,0
11984,1,1,0
11985,1,1,0
11986,1,1,0
11987,1,1,0
11988,1,1,0
11989,1,1,0
11990,1,1,0
11991,1,1,0
11992,1,1,0
-1,-1,-1,-1
11991,1,1,0
11992,1,1,0
11993,1,1,0
11994,1,1,0
11995,1,1,0
11996,1,1,0
11997,1,1,0
11998,1,1,0
11999,1,1,0
12000,1,1,0
12001,0,1,0
12002,1,1,0
12003,1,1,0
12004,1,1,0
12005,1,1,0
12006,1,1,0
12007,1,1,0
12008,1,1,0
12009,1,1,0
12010,1,1,0
-1,-1,-1,-1
12182,1,1,0
12183,1,1,1
12184,1,1,0
12185,1,1,0
12186,1,1,0
12187,1,1,0
12188,1,1,0
12189,1,1,0
12190,1,1,0
12191,1,1,0
12192,1,2,0
12193,1,0,0
12194,1,0,0
12195,1,0,0
12196,1,0,0
12197,1,0,0
12198,1,1,0
12199,1,1,0
12200,1,1,0
12201,1,1,0
12202,1,1,0
12203,1,1,0
12204,1,1,0
12205,1,1,0
12206,1,1,0
-1,-1,-1,-1
12283,1,1,0
12284,1,1,0
12285,1,1,0
12286,1,1,0
12287,1,1,0
12288,1,1,0
12289,1,1,0
12290,1,1,0
12291,1,1,0
12292,1,1,0
12293,1,2,0
12294,1,0,0
12295,1,0,0
12296,1,0,0
12297,1,0,0
12298,1,0,0
12299,1,1,0
12300,1,1,0
12301,1,1,0
12302,1,1,0
12303,1,1,0
12304,1,1,0
12305,1,1,0
12306,1,1,0
12307,1,1,0
-1,-1,-1,-1
12394,0,0,0
12395,0,0,0
12396,0,0,0
12397,0,0,0
12398,0,0,0
12399,0,0,0
12400,0,0,0
12401,0,0,0
12402,0,0,0
12403,0,0,0
12404,2,0,0
12405,0,0,0
12406,0,0,0
12407,0,0,0
12408,0,0,0
12409,0,0,0
12410,0,0,0
12411,0,0,0
12412,0,0,0
12413,0,0,0
-1,-1,-1,-1
12405,0,0,0
12406,0,0,0
12407,0,0,0
12408,0,0,0
12409,0,0,0
12410,0,0,0
12411,0,0,0
12412,0,0,0
12413,0,0,0
12414,0,0,0
12415,2,0,0
12416,0,0,0
12417,0,0,0
12418,0,0,0
12419,0,0,0
12420,0,0,0
12421,2,0,0
12422,0,0,0
12423,0,0,0
12424,0,0,0
-1,-1,-1,-1
12411,0,0,0
12412,0,0,0
12413,0,0,0
12414,0,0,0
12415,2,0,0
12416,0,0,0
12417,0,0,0
12418,0,0,0
12419,0,0,0
12420,0,0,0
12421,2,0,0
12422,0,0,0
12423,0,0,0
12424,0,0,0
12425,0,0,0
12426,0,0,0
12427,0,0,0
12428,1,1,0
12429,1,1,0
12430,1,1,0
-1,-1,-1,-1
12568,1,1,0
12569,1,1,0
12570,1,1,0
12571,1,1,0
12572,1,1,0
12573,1,1,0
12574,1,1,0
12575,1,1,0
12576,1,1,0
12577,1,1,0
12578,1,2,0
12579,1,0,0
12580,1,0,0
12581,1,0,0
12582,1,0,0
12583,1,0,0
12584,1,1,0
12585,1,1,0
12586,1,1,0
12587,1,1,0
12588,1,1,0
12589,1,1,0
12590,1,1,0
12591,1,1,0
12592,1,1,0
-1,-1,-1,-1
12744,1,1,0
12745,1,1,0
12746,1,1,0
12747,1,1,0
12748,1,1,0
12749,1,1,0
12750,1,1,0
12751,1,1,0
12752,1,1,0
12753,1,1,0
12754,1,2,0
12755,1,0,0
12756,1,0,0
12757,1,1,1
12758,1,1,0
12759,2,2,0
12760,0,0,0
12761,0,0,0
12762,0,0,0
12763,1,1,0
12764,1,1,0
12765,1,1,0
-1,-1,-1,-1
12795,1,1,0
12796,1,1,0
12797,1,1,0
12798,1,1,0
12799,1,1,0
12800,1,1,0
12801,1,1,0
12802,1,1,0
12803,1,1,0
12804,1,1,0
12805,1,2,0
12806,1,0,0
12807,1,0,0
12808,1,0,0
12809,1,0,0
12810,1,0,0
12811,1,0,0
12812,1,0,0
12813,2,0,0
12814,0,0,0
12815,0,0,0
12816,0,0,0
12817,0,0,0
12818,0,0,0
12819,0,0,0
12820,0,0,0
12821,0,0,0
12822,0,0,0
-1,-1,-1,-1
12992,1,1,0
12993,1,1,0
12994,1,1,0
12995,1,1,0
12996,1,1,0
12997,1,1,0
12998,1,1,0
12999,1,1,0
13000,1,1,0
13001,1,1,0
13002,1,2,0
13003,0,0,0
13004,0,0,0
13005,0,0,0
13006,1,1,1
13007,1,1,0
13008,1,1,0
13009,1,1,0
13010,1,1,0
13011,1,1,0
-1,-1,-1,-1
13056,0,0,0
13057,1,1,0
13058,1,1,0
13059,1,1,0
13060,1,1,0
13061,1,1,0
13062,1,1,0
13063,1,1,0
13064,1,1,0
13065,1,1,0
13066,1,2,0
13067,1,0,0
13068,1,0,0
13069,1,1,0
13070,1,1,0
13071,1,1,0
13072,1,1,0
13073,1,1,0
13074,1,1,0
13075,1,1,0
13076,1,1,0
13077,1,1,0
-1,-1,-1,-1
13181,0,0,0
13182,0,0,0
13183,0,0,0
13184,0,0,0
13185,0,0,0
13186,0,0,0
13187,0,0,0
13188,0,0,0
13189,0,0,0
13190,0,0,0
13191,0,1,0
13192,0,1,0
13193,0,1,0
13194,1,1,0
13195,1,1,0
13196,1,1,0
13197,1,1,0
13198,1,1,0
13199,1,1,0
13200,1,1,0
13201,1,1,0
13202,1,1,0
-1,-1,-1,-1
13414,1,1,0
13415,1,1,0
13416,1,1,0
13417,1,1,0
13418,1,1,0
13419,1,1,0
13420,1,1,0
13421,1,1,0
13422,1,1,0
13423,1,1,0
13424,1,2,0
13425,1,0,0
13426,1,0,0
13427,1,1,0
13428,1,1,0
13429,1,1,0
13430,1,1,0
13431,1,1,0
13432,1,1,0
13433,1,1,0
13434,1,1,0
13435,1,1,0
-1,-1,-1,-1
13448,1,1,1
13449,1,1,0
13450,1,1,0
13451,1,1,0
13452,1,1,0
13453,1,1,0
13454,1,1,0
13455,1,1,0
13456,1,1,0
13457,1,1,0
13458,1,2,0
13459,1,0,0
13460,1,0,0
13461,1,0,0
13462,1,1,1
13463,1,1,0
13464,1,1,0
13465,1,1,0
13466,1,1,0
13467,1,1,0
13468,1,1,0
13469,1,1,0
13470,1,1,0
-1,-1,-1,-1
13466,1,1,0
13467,1,1,0
13468,1,1,0
13469,1,1,0
13470,1,1,0
13471,1,1,0
13472,1,1,0
13473,1,1,0
13474,1,1,0
13475,1,1,0
13476,1,2,0
13477,1,0,0
13478,1,0,0
13479,1,0,0
13480,2,0,0
13481,0,0,0
13482,0,0,0
13483,1,1,0
13484,1,1,0
13485,1,1,0
13486,1,1,0
13487,1,1,0
13488,1,1,0
13489,1,1,0
-1,-1,-1,-1
13711,1,1,0
13712,1,1,0
13713,1,1,0
13714,1,1,0
13715,1,1,0
13716,1,1,0
13717,1,1,0
13718,1,1,0
13719,1,1,0
13720,1,1,0
13721,1,2,0
13722,1,0,0
13723,1,0,0
13724,1,0,0
13725,1,1,1
13726,1,1,0
13727,1,1,0
13728,1,1,0
13729,1,1,0
13730,1,1,0
13731,1,1,0
13732,1,1,0
13733,1,1,0
-1,-1,-1,-1
13766,1,1,0
13767,1,1,0
13768,1,1,0
13769,1,1,0
13770,1,1,0
13771,1,1,0
13772,1,1,0
13773,1,1,0
13774,1,1,0
13775,1,1,0
13776,1,2,0
13777,1,0,0
13778,1,0,0
13779,1,0,0
13780,1,0,0
13781,1,0,0
13782,1,0,0
13783,1,0,0
13784,1,0,0
13785,1,0,0
13786,1,0,0
13787,1,0,0
13788,1,0,0
13789,1,0,0
13790,1,0,0
13791,1,0,0
13792,1,1,0
13793,1,1,0
13794,2,1,0
13795,0,1,0
13796,0,1,0
13797,2,2,0
13798,0,0,0
13799,0,0,0
13800,0,0,0
-1,-1,-1,-1
13784,1,0,0
13785,1,0,0
13786,1,0,0
13787,1,0,0
13788,1,0,0
13789,1,0,0
13790,1,0,0
13791,1,0,0
13792,1,1,0
13793,1,1,0
13794,2,1,0
13795,0,1,0
13796,0,1,0
13797,2,2,0
13798,0,0,0
13799,0,0,0
13800,0,0,0
13801,0,0,0
13802,0,0,0
13803,0,0,0
13804,0,0,0
13805,0,0,0
-1,-1,-1,-1
13920,1,1,0
13921,1,1,0
13922,1,1,0
13923,1,1,0
13924,1,1,0
13925,1,1,0
13926,1,1,0
13927,1,1,0
13928,1,1,0
13929,1,1,0
13930,1,2,0
13931,1,0,0
13932,1,0,0
13933,1,0,0
13934,1,0,0
13935,1,0,0
13936,1,0,0
13937,1,1,0
13938,1,1,0
13939,1,1,0
13940,1,1,0
13941,1,1,0
13942,1,1,0
13943,1,1,0
13944,1,1,0
13945,1,1,0
-1,-1,-1,-1
13950,1,1,0
13951,1,1,0
13952,1,1,0
13953,1,1,0
13954,1,1,0
13955,1,1,0
13956,1,1,0
13957,1,1,0
13958,1,1,0
13959,1,1,0
13960,1,2,0
13961,1,0,0
13962,1,0,0
13963,1,0,0
13964,1,1,1
13965,1,1,0
13966,1,1,0
13967,1,1,0
13968,1,1,0
13969,1,1,0
13970,1,2,0
13971,1,0,0
13972,1,0,0
-1,-1,-1,-1
13960,1,2,0
13961,1,0,0
13962,1,0,0
13963,1,0,0
13964,1,1,1
13965,1,1,0
13966,1,1,0
13967,1,1,0
13968,1,1,0
13969,1,1,0
13970,1,2,0
13971,1,0,0
13972,1,0,0
13973,1,0,0
13974,1,1,1
13975,1,1,0
13976,1,1,0
13977,1,1,0
13978,1,1,0
13979,1,1,0
13980,1,1,0
13981,1,1,0
13982,1,1,0
-1,-1,-1,-1
14001,1,1,0
14002,2,2,0
14003,0,0,0
14004,0,0,0
14005,0,0,0
14006,0,0,0
14007,0,0,0
14008,0,0,0
14009,0,0,0
14010,0,0,0
14011,2,0,0
14012,0,0,0
14013,0,0,0
14014,0,0,0
14015,0,0,0
14016,0,0,0
14017,0,0,0
14018,0,0,0
14019,1,1,0
14020,1,1,0
-1,-1,-1,-1
14139,1,1,0
14140,1,1,0
14141,1,1,0
14142,1,1,0
14143,1,1,0
14144,1,1,0
14145,1,1,0
14146,1,1,0
14147,1,1,0
14148,1,1,0
14149,1,2,0
14150,1,0,0
14151,1,0,0
14152,1,0,0
14153,1,0,0
14154,1,0,0
14155,1,0,0
14156,1,0,0
14157,1,0,0
14158,1,1,0
14159,1,1,0
14160,1,1,0
14161,1,1,0
14162,1,1,0
14163,1,1,0
14164,1,1,0
14165,1,1,0
14166,1,1,0
-1,-1,-1,-1
14197,1,1,0
14198,1,1,0
14199,1,1,0
14200,1,1,0
14201,1,1,0
14202,1,1,0
14203,1,1,0
14204,1,1,0
14205,1,1,0
14206,1,1,0
14207,1,2,0
14208,1,0,0
14209,1,0,0
14210,1,0,0
14211,1,0,0
14212,1,0,0
14213,1,0,0
14214,1,0,0
14215,1,1,1
14216,1,1,0
14217,1,1,0
14218,1,1,0
14219,1,1,0
14220,1,1,0
14221,1,1,0
14222,1,1,0
14223,1,1,0
-1,-1,-1,-1
14215,1,1,1
14216,1,1,0
14217,1,1,0
14218,1,1,0
14219,1,1,0
14220,1,1,0
14221,1,1,0
14222,1,1,0
14223,1,1,0
14224,1,1,0
14225,1,2,0
14226,1,0,0
14227,1,0,0
14228,1,0,0
14229,1,0,0
14230,1,0,0
14231,1,0,0
14232,1,0,0
14233,1,0,0
14234,1,0,0
14235,1,0,0
14236,1,1,0
14237,1,1,0
14238,1,1,0
14239,1,1,0
14240,1,1,0
14241,1,1,0
14242,1,1,0
14243,1,1,0
14244,1,1,0
-1,-1,-1,-1
14256,1,1,0
14257,1,1,0
14258,1,1,0
14259,1,1,0
14260,1,1,0
14261,1,1,0
14262,1,1,0
14263,1,1,0
14264,1,1,0
14265,1,1,0
14266,1,2,0
14267,1,0,0
14268,1,0,0
14269,1,1,0
14270,1,1,0
14271,1,1,0
14272,1,1,0
14273,1,1,0
14274,1,1,0
14275,1,1,0
14276,1,1,0
14277,1,1,0
-1,-1,-1,-1
14273,1,1,0
14274,1,1,0
14275,1,1,0
14276,1,1,0
14277,1,1,0
14278,1,1,0
14279,1,1,0
14280,1,1,0
14281,1,1,0
14282,1,1,0
14283,1,2,0
14284,1,0,0
14285,1,0,0
14286,1,0,0
14287,1,0,0
14288,0,0,0
14289,0,0,0
14290,0,0,0
14291,2,0,0
14292,0,0,0
14293,0,0,0
14294,0,0,0
14295,0,0,0
14296,1,1,0
-1,-1,-1,-1
14281,1,1,0
14282,1,1,0
14283,1,2,0
14284,1,0,0
14285,1,0,0
14286,1,0,0
14287,1,0,0
14288,0,0,0
14289,0,0,0
14290,0,0,0
14291,2,0,0
14292,0,0,0
14293,0,0,0
14294,0,0,0
14295,0,0,0
14296,1,1,0
14297,1,1,0
14298,1,1,0
14299,1,1,0
14300,1,1,0
-1,-1,-1,-1
14579,1,1,0
14580,1,1,0
14581,1,1,0
14582,1,1,0
14583,1,1,0
14584,1,1,0
14585,1,1,0
14586,1,1,0
14587,1,1,0
14588,1,1,0
14589,1,2,0
14590,1,0,0
14591,0,0,0
14592,0,0,0
14593,0,0,0
14594,0,0,0
14595,1,1,1
14596,1,1,0
14597,1,1,0
14598,1,1,0
14599,1,1,0
-1,-1,-1,-1
14606,1,1,0
14607,1,1,0
14608,1,1,0
14609,2,2,0
14610,0,0,0
14611,0,0,0
14612,0,0,0
14613,0,0,0
14614,0,0,0
14615,1,1,1
14616,1,2,0
14617,1,0,0
14618,1,0,0
14619,1,0,0
14620,1,0,0
14621,1,0,0
14622,1,1,0
14623,1,1,0
14624,1,1,0
14625,1,1,0
14626,1,1,0
14627,1,1,0
14628,1,1,0
14629,1,1,0
14630,1,1,0
-1,-1,-1,-1
14747,1,1,0
14748,1,1,0
14749,1,1,0
14750,1,1,0
14751,1,1,0
14752,1,1,0
14753,1,1,0
14754,1,1,0
14755,1,1,0
14756,1,1,0
14757,1,2,0
14758,1,0,0
14759,1,0,0
14760,1,0,0
14761,1,0,0
14762,1,0,0
14763,1,0,0
14764,1,0,0
14765,1,0,0
14766,1,0,0
14767,1,0,0
14768,1,0,0
14769,1,0,0
14770,1,0,0
14771,1,0,0
14772,1,1,0
14773,1,1,0
14774,1,1,0
14775,1,1,0
14776,1,1,0
14777,1,1,0
14778,1,1,0
14779,1,1,0
14780,1,1,0
-1,-1,-1,-1
14901,0,0,0
14902,0,0,0
14903,0,0,0
14904,0,0,0
14905,1,1,1
14906,1,1,0
14907,1,1,0
14908,1,1,0
14909,1,1,0
14910,1,1,0
14911,1,2,0
14912,1,0,0
14913,1,0,0
14914,1,1,0
14915,1,1,0
14916,1,1,0
14917,1,1,0
14918,1,1,0
14919,1,1,0
14920,1,1,0
14921,1,1,0
14922,1,1,0
-1,-1,-1,-1
14913,1,0,0
14914,1,1,0
14915,1,1,0
14916,1,1,0
14917,1,1,0
14918,1,1,0
14919,1,1,0
14920,1,1,0
14921,1,1,0
14922,1,1,0
14923,1,2,0
14924,1,1,0
14925,1,1,0
14926,1,2,0
14927,1,0,0
14928,1,0,0
14929,1,0,0
14930,1,0,0
14931,1,1,0
14932,1,1,0
-1,-1,-1,-1
14916,1,1,0
14917,1,1,0
14918,1,1,0
14919,1,1,0
14920,1,1,0
14921,1,1,0
14922,1,1,0
14923,1,2,0
14924,1,1,0
14925,1,1,0
14926,1,2,0
14927,1,0,0
14928,1,0,0
14929,1,0,0
14930,1,0,0
14931,1,1,0
14932,1,1,0
14933,1,1,0
14934,1,1,0
14935,1,1,0
14936,1,1,0
14937,1,1,0
14938,1,1,0
14939,1,1,0
-1,-1,-1,-1
15025,0,0,0
15026,0,0,0
15027,0,0,0
15028,0,0,0
15029,0,0,0
15030,0,0,0
15031,0,0,0
15032,0,0,0
15033,0,0,0
15034,0,0,0
15035,1,0,0
15036,1,1,0
15037,1,1,0
15038,1,1,0
15039,1,1,0
15040,1,1,0
15041,1,1,0
15042,1,1,0
15043,1,1,0
15044,1,1,0
-1,-1,-1,-1
15605,1,1,0
15606,1,1,0
15607,1,1,0
15608,1,1,0
15609,1,1,0
15610,1,1,0
15611,1,1,0
15612,1,1,0
15613,1,1,0
15614,1,1,0
15615,2,1,0
15616,0,2,0
15617,0,0,0
15618,0,0,0
15619,0,0,0
15620,0,0,0
15621,0,0,0
15622,0,0,0
15623,0,0,0
15624,0,0,0
15625,0,0,0
-1,-1,-1,-1
15660,1,1,0
15661,1,1,0
15662,1,1,0
15663,1,1,0
15664,1,1,0
15665,1,1,0
15666,1,1,0
15667,1,1,0
15668,1,1,0
15669,1,1,0
15670,1,2,0
15671,1,0,0
15672,1,1,0
15673,1,1,0
15674,1,1,0
15675,1,1,0
15676,1,1,0
15677,1,1,0
15678,1,1,0
15679,1,1,0
15680,1,1,0
-1,-1,-1,-1
15825,1,1,0
15826,1,1,0
15827,1,1,0
15828,1,1,0
15829,1,1,0
15830,1,1,0
15831,1,1,0
15832,1,1,0
15833,1,1,0
15834,1,1,0
15835,1,2,0
15836,1,1,0
15837,1,1,0
15838,1,1,0
15839,1,1,0
15840,1,1,0
15841,1,1,0
15842,1,1,0
15843,1,1,0
15844,1,1,0
-1,-1,-1,-1
15944,1,1,0
15945,1,1,0
15946,1,1,0
15947,1,1,0
15948,1,1,0
15949,1,1,0
15950,1,1,0
15951,1,1,0
15952,1,1,0
15953,1,1,0
15954,2,1,0
15955,0,1,0
15956,0,1,0
15957,0,1,0
15958,0,1,0
15959,0,1,0
15960,0,1,0
15961,0,1,0
15962,1,1,0
15963,1,1,0
15964,1,1,0
15965,1,1,0
15966,1,1,0
15967,1,1,0
15968,1,1,0
15969,1,1,0
15970,1,1,0
-1,-1,-1,-1
16053,1,1,0
16054,1,1,0
16055,1,1,1
16056,1,1,0
16057,1,1,0
16058,1,1,0
16059,1,1,0
16060,1,1,0
16061,1,1,0
16062,1,1,0
16063,1,2,0
16064,1,0,0
16065,1,0,0
16066,1,0,0
16067,1,1,1
16068,1,1,0
16069,1,1,0
16070,1,1,0
16071,1,1,0
16072,1,1,0
16073,1,1,0
16074,1,1,0
16075,1,1,0
-1,-1,-1,-1
16066,1,0,0
16067,1,1,1
16068,1,1,0
16069,1,1,0
16070,1,1,0
16071,1,1,0
16072,1,1,0
16073,1,1,0
16074,1,1,0
16075,1,1,0
16076,1,2,0
16077,1,0,0
16078,1,0,0
16079,1,0,0
16080,1,0,0
16081,1,0,0
16082,1,1,0
16083,1,1,0
16084,1,1,0
16085,1,1,0
16086,1,1,0
16087,1,1,0
16088,1,1,0
16089,1,1,0
16090,1,1,0
-1,-1,-1,-1
16250,1,1,0
16251,1,1,0
16252,1,1,0
16253,1,1,0
16254,1,1,0
16255,1,1,0
16256,1,1,0
16257,1,1,0
16258,1,1,0
16259,1,1,0
16260,1,2,0
16261,1,0,0
16262,1,0,0
16263,1,1,1
16264,1,1,0
16265,1,1,0
16266,1,1,0
16267,1,1,0
16268,1,1,0
16269,1,1,0
16270,1,1,0
16271,1,1,0
-1,-1,-1,-1
16379,1,1,0
16380,1,1,0
16381,1,1,0
16382,1,1,0
16383,1,1,0
16384,1,1,0
16385,1,1,0
16386,1,1,0
16387,1,1,0
16388,1,1,0
16389,1,2,0
16390,1,0,0
16391,1,0,0
16392,1,0,0
16393,1,0,0
16394,1,0,0
16395,1,0,0
16396,1,0,0
16397,1,0,0
16398,1,0,0
16399,1,0,0
16400,1,0,0
16401,1,0,0
16402,1,0,0
16403,1,0,0
16404,1,0,0
16405,1,0,0
16406,1,0,0
16407,1,0,0
16408,1,0,0
16409,1,0,0
16410,1,0,0
16411,1,0,0
16412,1,0,0
16413,1,0,0
16414,1,0,0
16415,1,0,0
16416,0,0,0
16417,0,0,0
16418,2,0,0
16419,0,0,0
16420,0,0,0
16421,0,0,0
16422,0,0,0
16423,0,0,0
16424,0,0,0
-1,-1,-1,-1
16408,1,0,0
16409,1,0,0
16410,1,0,0
16411,1,0,0
16412,1,0,0
16413,1,0,0
16414,1,0,0
16415,1,0,0
16416,0,0,0
16417,0,0,0
16418,2,0,0
16419,0,0,0
16420,0,0,0
16421,0,0,0
16422,0,0,0
16423,0,0,0
16424,0,0,0
16425,0,0,0
16426,1,0,0
16427,1,0,0
-1,-1,-1,-1
16416,0,0,0
16417,0,0,0
16418,2,0,0
16419,0,0,0
16420,0,0,0
16421,0,0,0
16422,0,0,0
16423,0,0,0
16424,0,0,0
16425,0,0,0
16426,1,0,0
16427,1,0,0
16428,1,0,0
16429,1,0,0
16430,1,0,0
16431,1,0,0
16432,1,1,0
16433,1,1,0
16434,1,1,0
16435,1,1,0
16436,1,1,0
16437,1,1,0
16438,1,1,0
16439,1,1,0
16440,1,1,0
-1,-1,-1,-1
16498,1,1,0
16499,1,1,0
16500,1,1,0
16501,1,1,0
16502,1,1,0
16503,1,1,0
16504,1,1,0
16505,1,1,0
16506,1,1,0
16507,1,1,0
16508,1,2,0
16509,1,0,0
16510,1,0,0
16511,1,0,0
16512,1,0,0
16513,1,0,0
16514,1,0,0
16515,1,0,0
16516,1,0,0
16517,1,1,0
16518,1,1,0
16519,1,1,0
16520,1,1,0
16521,1,1,0
16522,1,1,0
16523,1,1,0
16524,1,1,0
16525,1,1,0
-1,-1,-1,-1
16604,1,1,0
16605,1,1,0
16606,1,1,0
16607,1,1,0
16608,1,1,0
16609,1,1,0
16610,1,1,0
16611,1,1,0
16612,1,1,0
16613,1,1,0
16614,1,2,0
16615,1,0,0
16616,1,0,0
16617,1,0,0
16618,1,0,0
16619,1,0,0
16620,1,0,0
16621,1,0,0
16622,1,1,0
16623,1,1,0
16624,2,2,0
16625,0,0,0
16626,0,0,0
16627,0,0,0
16628,0,0,0
16629,0,0,0
16630,0,0,0
-1,-1,-1,-1
16908,1,1,0
16909,1,1,0
16910,1,1,0
16911,1,1,0
16912,1,1,0
16913,1,1,0
16914,1,1,0
16915,1,1,0
16916,1,1,0
16917,1,1,0
16918,1,2,0
16919,1,0,0
16920,1,0,0
16921,1,1,1
16922,1,1,0
16923,1,1,0
16924,1,1,0
16925,1,1,0
16926,1,1,0
16927,1,1,0
16928,1,1,0
16929,1,1,0
-1,-1,-1,-1
16958,1,1,0
16959,1,1,0
16960,1,1,0
16961,1,1,0
16962,1,1,0
16963,1,1,0
16964,1,1,0
16965,1,1,0
16966,1,1,0
16967,1,1,0
16968,2,1,0
16969,0,1,0
16970,0,1,0
16971,0,1,0
16972,1,1,0
16973,1,1,0
16974,1,1,0
16975,1,1,0
16976,1,1,0
16977,1,1,0
16978,1,1,0
16979,1,1,0
16980,1,1,0
-1,-1,-1,-1
16985,1,1,0
16986,1,1,0
16987,1,1,0
16988,1,1,0
16989,1,1,0
16990,1,1,0
16991,1,1,0
16992,1,1,0
16993,1,1,0
16994,1,1,0
16995,1,2,0
16996,1,0,0
16997,1,0,0
16998,1,0,0
16999,1,1,0
17000,1,1,0
17001,1,1,0
17002,1,1,0
17003,1,1,0
17004,1,1,0
17005,1,1,0
17006,1,1,0
17007,1,1,0
-1,-1,-1,-1
17128,0,0,0
17129,0,0,0
17130,0,0,0
17131,0,0,0
17132,1,1,0
17133,1,1,0
17134,1,1,0
17135,1,1,0
17136,1,1,0
17137,1,1,0
17138,1,2,1
17139,1,0,0
17140,1,0,0
17141,1,0,0
17142,1,0,0
17143,1,0,0
17144,1,0,0
17145,1,1,0
17146,1,1,0
17147,1,1,0
17148,1,1,0
17149,1,1,0
17150,1,1,0
17151,1,1,0
17152,1,1,0
17153,1,1,0
-1,-1,-1,-1
17224,1,1,0
17225,1,1,0
17226,1,1,0
17227,1,1,0
17228,1,1,0
17229,1,1,0
17230,1,1,0
17231,1,1,0
17232,1,1,0
17233,1,1,0
17234,1,2,0
17235,1,0,0
17236,1,0,0
17237,1,0,0
17238,1,0,0
17239,1,0,0
17240,1,0,0
17241,1,0,0
17242,2,0,0
17243,0,0,0
17244,0,0,0
17245,0,0,0
17246,0,0,0
17247,0,0,0
17248,1,1,0
17249,1,1,0
17250,1,1,0
17251,1,1,0
-1,-1,-1,-1
17582,1,1,0
17583,1,1,0
17584,1,1,0
17585,1,1,0
17586,1,1,0
17587,1,1,0
17588,1,1,0
17589,1,1,0
17590,1,1,0
17591,1,1,0
17592,1,2,0
17593,1,0,0
17594,1,0,0
17595,1,0,0
17596,1,0,0
17597,1,0,0
17598,1,0,0
17599,1,0,0
17600,1,1,1
17601,1,1,0
17602,1,1,0
17603,1,1,0
17604,1,1,0
17605,1,1,0
17606,1,1,0
17607,1,1,0
17608,1,1,0
-1,-1,-1,-1
17603,1,1,0
17604,1,1,0
17605,1,1,0
17606,1,1,0
17607,1,1,0
17608,1,1,0
17609,1,1,0
17610,1,1,0
17611,1,1,0
17612,1,1,0
17613,1,2,0
17614,1,0,0
17615,2,2,1
17616,0,0,0
17617,0,0,0
17618,0,0,0
17619,0,0,0
17620,0,0,0
17621,0,0,0
17622,0,0,0
17623,0,0,0
-1,-1,-1,-1
17768,1,1,0
17769,1,1,0
17770,1,1,0
17771,1,1,0
17772,1,1,0
17773,1,1,0
17774,1,1,0
17775,1,1,0
17776,1,1,0
17777,1,1,0
17778,1,2,0
17779,1,0,0
17780,1,1,0
17781,1,1,0
17782,1,1,0
17783,1,1,0
17784,1,1,0
17785,1,1,0
17786,1,1,0
17787,1,1,0
17788,1,1,0
-1,-1,-1,-1
17779,1,0,0
17780,1,1,0
17781,1,1,0
17782,1,1,0
17783,1,1,0
17784,1,1,0
17785,1,1,0
17786,1,1,0
17787,1,1,0
17788,1,1,0
17789,1,2,0
17790,1,0,0
17791,1,1,1
17792,1,1,0
17793,1,1,0
17794,1,1,0
17795,1,1,0
17796,1,1,0
17797,1,1,0
17798,1,1,0
17799,2,2,0
-1,-1,-1,-1
18123,1,1,0
18124,1,1,0
18125,1,1,0
18126,1,1,0
18127,1,1,0
18128,1,1,0
18129,1,1,0
18130,1,1,0
18131,1,1,0
18132,1,1,0
18133,0,1,0
18134,1,1,0
18135,1,1,0
18136,1,1,0
18137,1,1,0
18138,1,1,0
18139,1,1,0
18140,1,1,0
18141,1,1,0
18142,1,1,0
-1,-1,-1,-1
18142,1,1,0
18143,1,1,0
18144,1,1,0
18145,1,1,0
18146,1,1,0
18147,1,1,0
18148,1,1,0
18149,1,1,0
18150,1,1,0
18151,1,1,0
18152,0,1,0
18153,0,1,0
18154,1,1,0
18155,1,1,0
18156,1,1,0
18157,1,1,0
18158,1,1,0
18159,1,1,0
18160,1,1,0
18161,1,1,0
18162,1,1,0
-1,-1,-1,-1
18413,1,1,0
18414,1,1,0
18415,1,1,0
18416,1,1,0
18417,1,1,0
18418,1,1,0
18419,1,1,0
18420,1,1,0
18421,1,1,0
18422,1,1,0
18423,1,2,0
18424,1,0,0
18425,1,0,0
18426,1,0,0
18427,1,0,0
18428,1,0,0
18429,1,0,0
18430,1,0,0
18431,1,1,1
18432,1,1,0
18433,1,1,0
18434,1,1,0
18435,2,2,0
18436,0,0,0
18437,1,0,0
18438,1,0,0
18439,1,0,0
-1,-1,-1,-1
18427,1,0,0
18428,1,0,0
18429,1,0,0
18430,1,0,0
18431,1,1,1
18432,1,1,0
18433,1,1,0
18434,1,1,0
18435,2,2,0
18436,0,0,0
18437,1,0,0
18438,1,0,0
18439,1,0,0
18440,1,0,0
18441,1,0,0
18442,1,0,0
18443,1,1,0
18444,1,1,0
18445,1,1,0
18446,1,1,0
18447,1,1,0
18448,1,1,0
18449,1,1,0
18450,1,1,0
18451,1,1,0
-1,-1,-1,-1
18511,1,1,0
18512,1,1,0
18513,1,1,0
18514,1,1,0
18515,1,1,0
18516,1,1,0
18517,1,1,0
18518,1,1,0
18519,1,1,0
18520,1,1,0
18521,1,2,0
18522,1,1,0
18523,1,1,0
18524,1,1,0
18525,1,1,0
18526,1,1,0
18527,1,1,0
18528,1,1,0
18529,1,1,0
18530,1,1,0
-1,-1,-1,-1
18628,1,1,0
18629,1,1,0
18630,1,1,0
18631,1,1,0
18632,1,1,0
18633,1,1,0
18634,1,1,0
18635,1,1,0
18636,1,1,0
18637,1,1,0
18638,1,2,0
18639,1,0,0
18640,1,1,1
18641,1,1,0
18642,1,1,0
18643,1,1,0
18644,1,1,0
18645,1,1,0
18646,1,1,0
18647,1,1,0
18648,1,1,0
-1,-1,-1,-1
19113,1,1,0
19114,1,1,0
19115,1,1,0
19116,1,1,0
19117,1,1,0
19118,1,1,0
19119,1,1,0
19120,1,1,0
19121,1,1,0
19122,1,1,0
19123,1,2,0
19124,1,0,0
19125,1,0,0
19126,1,0,0
19127,1,0,0
19128,1,0,0
19129,1,0,0
19130,1,0,0
19131,1,0,0
19132,1,1,0
19133,1,1,0
19134,1,1,0
19135,1,1,0
19136,1,1,0
19137,1,1,0
19138,1,1,0
19139,1,1,0
19140,1,1,0
-1,-1,-1,-1
19183,0,0,0
19184,0,0,0
19185,0,0,0
19186,1,1,0
19187,1,1,0
19188,1,1,0
19189,1,1,0
19190,1,1,0
19191,1,1,0
19192,1,1,0
19193,1,2,0
19194,1,0,0
19195,1,0,0
19196,1,0,0
19197,1,0,0
19198,1,1,0
19199,1,1,0
19200,1,1,0
19201,1,1,0
19202,1,1,0
19203,1,1,0
19204,1,1,0
19205,1,1,0
19206,1,1,0
-1,-1,-1,-1
19229,1,1,0
19230,1,1,0
19231,1,1,0
19232,1,1,0
19233,1,1,0
19234,1,1,0
19235,1,1,0
19236,1,1,0
19237,1,1,0
19238,1,1,0
19239,1,2,0
19240,1,0,0
19241,1,0,0
19242,1,0,0
19243,1,0,0
19244,1,0,0
19245,1,0,0
19246,1,1,0
19247,1,1,0
19248,1,1,0
19249,1,1,0
19250,1,1,0
19251,1,1,0
19252,1,1,0
19253,1,1,0
19254,1,1,0
-1,-1,-1,-1
19412,1,1,0
19413,1,1,0
19414,1,1,0
19415,1,1,0
19416,1,1,0
19417,1,1,0
19418,1,1,0
19419,1,1,0
19420,1,1,0
19421,1,1,0
19422,1,2,0
19423,0,0,0
19424,0,0,0
19425,0,0,0
19426,0,0,0
19427,0,0,0
19428,0,0,0
19429,0,0,0
19430,0,0,0
19431,0,0,0
-1,-1,-1,-1
19457,1,1,0
19458,1,1,1
19459,1,1,0
19460,1,1,0
19461,1,1,0
19462,1,1,0
19463,1,1,0
19464,1,1,0
19465,1,1,0
19466,1,1,0
19467,1,2,0
19468,1,0,0
19469,1,0,0
19470,1,0,0
19471,1,1,1
19472,1,1,0
19473,1,1,0
19474,1,1,0
19475,1,1,0
19476,1,1,0
19477,1,1,0
19478,1,1,0
19479,1,1,0
-1,-1,-1,-1
19651,1,1,0
19652,1,1,0
19653,1,1,0
19654,1,1,0
19655,1,1,0
19656,1,1,0
19657,1,1,0
19658,1,1,0
19659,1,1,0
19660,1,1,0
19661,1,2,0
19662,1,0,0
19663,1,0,0
19664,1,0,0
19665,1,0,0
19666,1,0,0
19667,1,1,1
19668,1,1,0
19669,1,1,0
19670,1,1,0
19671,1,1,0
19672,1,2,0
19673,1,0,0
19674,1,1,0
19675,1,1,0
-1,-1,-1,-1
19662,1,0,0
19663,1,0,0
19664,1,0,0
19665,1,0,0
19666,1,0,0
19667,1,1,1
19668,1,1,0
19669,1,1,0
19670,1,1,0
19671,1,1,0
19672,1,2,0
19673,1,0,0
19674,1,1,0
19675,1,1,0
19676,1,1,0
19677,1,1,0
19678,1,1,0
19679,1,1,0
19680,1,1,0
19681,1,1,0
19682,1,1,0
-1,-1,-1,-1
19838,1,1,0
19839,1,1,0
19840,1,1,0
19841,1,1,0
19842,1,1,0
19843,1,1,0
19844,1,1,0
19845,1,1,0
19846,1,1,0
19847,1,1,0
19848,2,1,0
19849,0,1,0
19850,0,1,0
19851,0,1,0
19852,1,1,0
19853,1,1,0
19854,1,1,0
19855,1,1,0
19856,1,1,0
19857,1,1,0
19858,1,1,0
19859,1,1,0
19860,1,1,0
-1,-1,-1,-1
19995,1,1,0
19996,1,1,0
19997,1,1,0
19998,1,1,0
19999,1,1,0
20000,1,1,0
20001,1,1,0
20002,1,1,0
20003,1,1,0
20004,1,1,0
20005,1,2,0
20006,1,0,0
20007,1,0,0
20008,1,1,1
20009,1,1,0
20010,1,1,0
20011,1,1,0
20012,1,1,0
20013,1,1,0
20014,1,1,0
20015,1,1,0
20016,1,1,0
-1,-1,-1,-1
20007,1,0,0
20008,1,1,1
20009,1,1,0
20010,1,1,0
20011,1,1,0
20012,1,1,0
20013,1,1,0
20014,1,1,0
20015,1,1,0
20016,1,1,0
20017,1,2,0
20018,1,0,0
20019,1,1,0
20020,1,1,0
20021,1,1,0
20022,1,1,0
20023,1,1,0
20024,1,1,0
20025,1,1,0
20026,1,1,0
20027,1,1,0
-1,-1,-1,-1
20312,1,1,0
20313,1,1,0
20314,1,1,0
20315,1,1,0
20316,1,1,0
20317,1,1,0
20318,1,1,0
20319,1,1,0
20320,1,1,0
20321,1,1,0
20322,1,2,0
20323,1,1,0
20324,1,1,0
20325,1,1,0
20326,1,1,0
20327,1,1,0
20328,1,1,0
20329,1,1,0
20330,1,1,0
20331,1,1,0
-1,-1,-1,-1
20342,1,1,0
20343,1,1,0
20344,1,1,0
20345,1,1,0
20346,1,1,0
20347,1,1,0
20348,1,1,0
20349,1,1,0
20350,1,1,0
20351,1,1,0
20352,1,2,1
20353,1,0,0
20354,1,1,0
20355,1,1,0
20356,1,1,0
20357,1,1,0
20358,1,1,0
20359,1,1,0
20360,1,1,0
20361,1,1,0
20362,1,1,0
-1,-1,-1,-1
20372,1,1,0
20373,1,1,0
20374,1,1,0
20375,1,1,0
20376,1,1,0
20377,1,1,0
20378,1,1,0
20379,1,1,0
20380,1,1,0
20381,1,1,0
20382,0,2,0
20383,0,0,0
20384,0,0,0
20385,0,0,0
20386,0,0,0
20387,1,1,0
20388,1,1,0
20389,1,1,0
20390,1,1,0
20391,1,1,0
-1,-1,-1,-1
20431,1,1,0
20432,1,1,0
20433,1,1,0
20434,1,1,0
20435,1,1,0
20436,1,1,0
20437,1,1,0
20438,1,1,0
20439,1,1,0
20440,1,1,0
20441,0,1,0
20442,0,2,0
20443,0,0,0
20444,0,0,0
20445,0,0,0
20446,0,0,0
20447,0,0,0
20448,0,0,0
20449,0,0,0
20450,1,1,0
20451,1,1,0
-1,-1,-1,-1
20490,0,0,0
20491,1,1,0
20492,1,1,0
20493,1,1,0
20494,1,1,0
20495,1,1,0
20496,1,1,0
20497,1,1,0
20498,1,1,0
20499,1,1,0
20500,0,1,0
20501,0,1,0
20502,0,1,0
20503,0,1,0
20504,0,1,0
20505,0,1,0
20506,0,1,0
20507,0,1,0
20508,1,1,0
20509,1,1,0
20510,1,1,0
20511,1,1,0
20512,1,1,0
20513,1,1,0
20514,1,1,0
20515,1,1,0
20516,1,1,0
-1,-1,-1,-1
20612,1,1,0
20613,1,1,0
20614,1,1,0
20615,1,1,0
20616,1,1,0
20617,1,1,0
20618,1,1,0
20619,1,1,0
20620,1,1,0
20621,1,1,0
20622,2,1,0
20623,0,1,0
20624,0,1,0
20625,0,1,0
20626,1,1,0
20627,1,1,0
20628,1,1,0
20629,1,1,0
20630,1,1,0
20631,1,1,0
20632,1,1,0
20633,1,1,0
20634,1,1,0
-1,-1,-1,-1
20724,1,1,0
20725,1,1,0
20726,1,1,0
20727,1,1,0
20728,1,1,0
20729,1,1,0
20730,1,1,0
20731,1,1,0
20732,1,1,0
20733,1,1,0
20734,1,2,0
20735,1,0,0
20736,1,1,0
20737,1,1,0
20738,1,1,0
20739,1,1,0
20740,1,1,0
20741,1,1,0
20742,1,1,0
20743,1,1,0
20744,1,1,0
-1,-1,-1,-1
20752,1,1,0
20753,1,1,0
20754,1,1,0
20755,1,1,1
20756,1,1,0
20757,1,1,0
20758,1,1,0
20759,1,1,0
20760,1,1,0
20761,1,1,0
20762,1,2,0
20763,1,0,0
20764,1,0,0
20765,1,0,0
20766,1,1,1
20767,1,1,0
20768,1,1,0
20769,1,1,0
20770,1,1,0
20771,1,1,0
20772,1,1,0
20773,1,1,0
20774,1,1,0
-1,-1,-1,-1
20767,1,1,0
20768,1,1,0
20769,1,1,0
20770,1,1,0
20771,1,1,0
20772,1,1,0
20773,1,1,0
20774,1,1,0
20775,1,1,0
20776,1,1,0
20777,1,2,0
20778,1,0,0
20779,1,0,0
20780,1,0,0
20781,1,1,0
20782,1,1,0
20783,1,1,0
20784,1,1,0
20785,1,1,0
20786,1,1,0
20787,1,1,0
20788,1,1,0
20789,1,1,0
-1,-1,-1,-1
20844,1,1,0
20845,1,1,0
20846,1,1,0
20847,1,1,0
20848,1,1,0
20849,1,1,0
20850,1,1,0
20851,1,1,0
20852,1,1,0
20853,1,1,0
20854,1,2,0
20855,1,0,0
20856,1,0,0
20857,1,0,0
20858,1,0,0
20859,2,0,0
20860,0,0,0
20861,0,0,0
20862,0,0,0
20863,0,0,0
20864,0,0,0
20865,0,0,0
20866,1,0,0
20867,1,0,0
20868,1,0,0
-1,-1,-1,-1
20856,1,0,0
20857,1,0,0
20858,1,0,0
20859,2,0,0
20860,0,0,0
20861,0,0,0
20862,0,0,0
20863,0,0,0
20864,0,0,0
20865,0,0,0
20866,1,0,0
20867,1,0,0
20868,1,0,0
20869,1,0,0
20870,1,0,0
20871,1,0,0
20872,1,0,0
20873,1,0,0
20874,1,0,0
20875,1,0,0
20876,1,0,0
20877,1,0,0
20878,1,0,0
20879,1,0,0
20880,1,1,0
20881,1,1,0
20882,1,1,0
20883,1,1,0
20884,1,1,0
20885,1,1,0
20886,1,1,0
20887,1,1,0
20888,1,1,0
-1,-1,-1,-1
21045,1,1,0
21046,1,1,0
21047,1,1,0
21048,1,1,0
21049,1,1,0
21050,1,1,0
21051,1,1,0
21052,1,1,0
21053,1,1,0
21054,1,1,0
21055,1,2,0
21056,1,0,0
21057,1,0,0
21058,1,0,0
21059,1,1,0
21060,1,1,0
21061,1,1,0
21062,1,1,0
21063,1,1,0
21064,1,1,0
21065,1,1,0
21066,1,1,0
21067,1,1,0
-1,-1,-1,-1
21075,0,0,0
21076,0,0,0
21077,1,1,0
21078,1,1,1
21079,1,1,0
21080,1,1,0
21081,1,1,0
21082,1,1,0
21083,1,1,0
21084,1,1,0
21085,1,2,0
21086,1,0,0
21087,1,0,0
21088,1,0,0
21089,1,0,0
21090,1,0,0
21091,1,1,0
21092,1,1,0
21093,1,1,0
21094,1,1,0
21095,1,1,0
21096,1,1,0
21097,1,1,0
21098,1,1,0
21099,1,1,0
-1,-1,-1,-1
21102,1,1,0
21103,1,1,0
21104,2,2,0
21105,0,0,0
21106,0,0,0
21107,0,0,0
21108,0,0,0
21109,0,0,0
21110,0,0,0
21111,0,0,0
21112,0,1,0
21113,1,1,0
21114,1,1,0
21115,1,1,0
21116,2,2,0
21117,0,0,0
21118,0,0,0
21119,0,0,0
21120,0,0,0
21121,0,0,0
-1,-1,-1,-1
21116,2,2,0
21117,0,0,0
21118,0,0,0
21119,0,0,0
21120,0,0,0
21121,0,0,0
21122,1,1,0
21123,1,1,0
21124,1,1,0
21125,1,1,0
21126,1,2,0
21127,1,0,0
21128,1,0,0
21129,1,0,0
21130,1,0,0
21131,1,0,0
21132,1,0,0
21133,1,0,0
21134,1,0,0
21135,1,0,0
21136,1,0,0
21137,1,0,0
21138,1,0,0
21139,1,0,0
21140,1,0,0
21141,1,0,0
21142,1,0,0
21143,1,0,0
21144,1,0,0
21145,1,0,0
21146,1,0,0
21147,1,0,0
21148,1,0,0
21149,1,0,0
21150,1,0,0
21151,1,1,0
21152,1,1,0
21153,1,1,0
21154,1,1,0
21155,1,1,0
21156,1,1,0
21157,1,1,0
21158,1,1,0
21159,1,1,0
-1,-1,-1,-1
21244,1,1,0
21245,1,1,0
21246,1,1,0
21247,1,1,0
21248,1,1,0
21249,1,1,0
21250,1,1,0
21251,1,1,0
21252,1,1,0
21253,1,1,0
21254,1,2,0
21255,1,0,0
21256,1,1,0
21257,1,1,0
21258,1,1,0
21259,1,1,0
21260,1,1,0
21261,1,1,0
21262,1,1,0
21263,1,1,0
21264,1,1,0
-1,-1,-1,-1
21581,0,0,0
21582,0,0,0
21583,0,0,0
21584,0,0,0
21585,0,0,0
21586,0,0,0
21587,0,0,0
21588,0,0,0
21589,1,1,0
21590,1,1,0
21591,1,2,0
21592,1,0,0
21593,1,0,0
21594,1,0,0
21595,1,0,0
21596,1,0,0
21597,1,0,0
21598,1,0,0
21599,1,0,0
21600,1,0,0
21601,1,0,0
21602,1,0,0
21603,1,0,0
21604,1,0,0
21605,1,0,0
21606,1,0,0
21607,1,0,0
21608,1,0,0
21609,1,0,0
21610,1,0,0
21611,1,0,0
21612,1,0,0
21613,1,0,0
21614,1,0,0
21615,1,0,0
21616,1,0,0
21617,1,0,0
21618,1,0,0
21619,1,0,0
21620,1,0,0
21621,1,0,0
21622,1,0,0
21623,1,0,0
21624,1,0,0
21625,1,0,0
21626,1,0,0
21627,1,0,0
21628,1,0,0
21629,1,0,0
21630,1,0,0
21631,1,0,0
21632,1,0,0
21633,1,1,0
21634,1,1,0
21635,1,1,0
21636,1,1,0
21637,1,1,0
21638,1,1,0
21639,1,1,0
21640,1,1,0
21641,1,1,0
-1,-1,-1,-1
21948,1,1,0
21949,1,1,0
21950,1,1,0
21951,1,1,0
21952,1,1,0
21953,1,1,0
21954,1,1,0
21955,1,1,0
21956,1,1,0
21957,1,1,0
21958,2,1,0
21959,0,1,0
21960,0,1,0
21961,0,1,0
21962,0,1,0
21963,0,1,0
21964,0,1,0
21965,0,1,0
21966,0,1,0
21967,1,1,0
21968,1,1,0
21969,1,1,0
21970,1,1,0
21971,1,1,0
21972,1,1,0
21973,1,1,0
21974,1,1,0
21975,1,1,0
-1,-1,-1,-1
22288,1,1,0
22289,1,1,0
22290,1,1,0
22291,1,1,0
22292,1,1,0
22293,1,1,0
22294,1,1,0
22295,1,1,0
22296,1,1,0
22297,1,1,0
22298,1,2,0
22299,1,0,0
22300,1,0,0
22301,1,0,0
22302,1,0,0
22303,1,0,0
22304,1,0,0
22305,1,0,0
22306,1,0,0
22307,1,0,0
22308,1,1,0
22309,1,1,0
22310,1,1,0
22311,1,1,0
22312,1,1,0
22313,1,1,0
22314,1,1,0
22315,1,1,0
22316,1,1,0
-1,-1,-1,-1
22448,1,1,0
22449,1,1,0
22450,1,1,0
22451,1,1,0
22452,1,1,0
22453,1,1,0
22454,1,1,0
22455,1,1,0
22456,1,1,0
22457,1,1,0
22458,1,2,0
22459,1,1,0
22460,1,1,0
22461,1,1,0
22462,1,1,0
22463,1,1,0
22464,1,1,0
22465,1,1,0
22466,1,1,0
22467,1,1,0
-1,-1,-1,-1
22493,1,1,0
22494,1,1,0
22495,1,1,0
22496,1,1,0
22497,1,1,0
22498,1,1,0
22499,1,1,0
22500,1,1,0
22501,1,1,0
22502,1,1,0
22503,1,2,0
22504,1,1,0
22505,1,1,0
22506,1,1,0
22507,1,1,0
22508,1,1,0
22509,1,1,0
22510,1,1,0
22511,1,1,0
22512,1,1,0
-1,-1,-1,-1
22630,1,1,0
22631,1,1,0
22632,1,1,0
22633,1,1,0
22634,1,1,0
22635,1,1,0
22636,1,1,0
22637,1,1,0
22638,1,1,0
22639,1,1,0
22640,1,2,0
22641,1,0,0
22642,1,0,0
22643,1,0,0
22644,1,1,0
22645,1,1,0
22646,1,1,0
22647,1,1,0
22648,1,1,0
22649,1,1,0
22650,1,1,1
22651,1,1,0
22652,1,1,0
-1,-1,-1,-1
22741,1,1,0
22742,1,1,0
22743,1,1,0
22744,1,1,0
22745,1,1,0
22746,1,1,0
22747,1,1,0
22748,2,2,0
22749,0,0,0
22750,0,0,0
22751,0,1,0
22752,0,1,0
22753,0,1,0
22754,0,1,0
22755,0,1,0
22756,0,1,0
22757,0,1,0
22758,0,1,0
22759,0,1,0
22760,1,1,0
22761,1,1,0
22762,1,1,0
22763,1,1,0
22764,1,1,0
22765,1,1,0
22766,1,1,0
22767,1,1,0
22768,1,1,0
-1,-1,-1,-1
22821,1,1,0
22822,1,1,0
22823,1,1,0
22824,1,1,0
22825,1,1,0
22826,1,1,0
22827,1,1,0
22828,1,1,0
22829,1,1,0
22830,1,1,0
22831,1,2,0
22832,1,0,0
22833,1,0,0
22834,1,1,0
22835,1,1,0
22836,1,1,0
22837,1,1,0
22838,1,1,0
22839,1,1,0
22840,1,1,0
22841,1,1,0
22842,1,1,0
-1,-1,-1,-1
23426,1,1,0
23427,1,1,0
23428,1,1,0
23429,1,1,0
23430,1,1,0
23431,1,1,0
23432,1,1,0
23433,1,1,0
23434,1,1,0
23435,1,1,0
23436,2,1,0
23437,0,2,0
23438,0,0,0
23439,0,0,0
23440,0,0,0
23441,0,0,0
23442,0,0,0
23443,0,0,0
23444,0,0,0
23445,0,0,0
23446,0,0,0
-1,-1,-1,-1
23671,1,1,0
23672,1,1,0
23673,1,1,0
23674,1,1,0
23675,1,1,0
23676,1,1,0
23677,1,1,1
23678,1,1,0
23679,1,1,0
23680,1,1,0
23681,1,2,0
23682,1,0,0
23683,1,0,0
23684,1,0,0
23685,1,0,0
23686,1,1,0
23687,1,1,0
23688,1,1,0
23689,1,1,0
23690,1,1,0
23691,1,1,0
23692,1,1,0
23693,1,1,0
23694,1,1,0
-1,-1,-1,-1
23695,1,1,1
23696,1,1,0
23697,1,1,0
23698,1,1,0
23699,1,1,0
23700,1,1,0
23701,1,1,0
23702,1,1,0
23703,1,1,0
23704,1,1,0
23705,1,2,0
23706,1,0,0
23707,1,0,0
23708,1,0,0
23709,1,0,0
23710,1,0,0
23711,1,1,0
23712,1,1,0
23713,1,1,0
23714,1,1,0
23715,1,1,0
23716,1,1,0
23717,1,1,0
23718,1,1,0
23719,1,1,0
-1,-1,-1,-1
24165,1,1,0
24166,2,2,0
24167,0,0,0
24168,0,0,0
24169,0,0,0
24170,0,0,0
24171,0,0,0
24172,0,0,0
24173,0,0,0
24174,0,0,0
24175,2,0,0
24176,0,0,0
24177,0,0,0
24178,0,0,0
24179,0,0,0
24180,0,0,0
24181,0,0,0
24182,1,1,0
24183,1,1,0
24184,1,1,0
-1,-1,-1,-1
24183,1,1,0
24184,1,1,0
24185,1,1,0
24186,1,1,0
24187,1,1,0
24188,1,1,0
24189,1,1,0
24190,1,1,0
24191,1,1,0
24192,1,1,0
24193,2,1,0
24194,0,1,0
24195,0,1,0
24196,0,1,0
24197,0,1,0
24198,0,1,0
24199,0,1,0
24200,0,1,0
24201,0,1,0
24202,0,1,0
24203,0,1,0
24204,0,1,0
24205,0,1,0
24206,0,1,0
24207,0,1,0
24208,0,1,0
24209,0,1,0
24210,0,1,0
24211,0,1,0
24212,1,1,0
24213,1,1,0
24214,1,1,0
24215,1,1,0
24216,1,1,0
24217,1,1,0
24218,1,1,0
24219,1,1,0
24220,1,1,0
-1,-1,-1,-1
24481,1,1,0
24482,1,1,0
24483,1,1,0
24484,1,1,0
24485,1,1,0
24486,1,1,0
24487,2,2,0
24488,0,0,0
24489,0,0,0
24490,0,0,0
24491,1,0,0
24492,1,0,0
24493,1,0,0
24494,1,0,0
24495,1,0,0
24496,1,0,0
24497,1,1,0
24498,1,1,1
24499,1,1,0
24500,1,1,0
24501,1,1,0
24502,1,1,0
24503,1,1,0
24504,1,1,0
24505,1,1,0
-1,-1,-1,-1
24522,1,1,0
24523,1,1,0
24524,1,1,0
24525,1,1,0
24526,1,1,0
24527,1,1,0
24528,2,2,0
24529,0,0,0
24530,0,0,0
24531,0,0,0
24532,1,0,0
24533,1,0,0
24534,1,0,0
24535,1,0,0
24536,1,0,0
24537,1,0,0
24538,1,0,0
24539,1,0,0
24540,1,0,0
24541,1,0,0
24542,1,0,0
24543,1,1,0
24544,1,1,0
24545,2,2,0
24546,0,0,0
24547,0,0,0
24548,0,0,0
24549,0,0,0
24550,0,0,0
24551,0,0,0
-1,-1,-1,-1
24550,0,0,0
24551,0,0,0
24552,0,0,0
24553,0,0,0
24554,0,0,0
24555,0,0,0
24556,0,0,0
24557,0,0,0
24558,0,0,0
24559,0,0,0
24560,0,1,0
24561,0,1,0
24562,0,1,0
24563,0,1,0
24564,1,1,0
24565,1,1,0
24566,1,1,0
24567,1,1,0
24568,1,1,0
24569,1,1,0
24570,1,1,0
24571,1,1,0
24572,1,1,0
-1,-1,-1,-1
24572,1,1,0
24573,1,1,0
24574,1,1,0
24575,1,1,0
24576,1,1,0
24577,1,1,0
24578,1,1,0
24579,1,1,0
24580,1,1,0
24581,1,1,0
24582,2,1,0
24583,0,1,0
24584,0,1,0
24585,0,1,0
24586,0,1,0
24587,0,1,0
24588,0,1,0
24589,1,1,0
24590,1,1,0
24591,1,1,0
24592,1,1,0
24593,1,1,0
24594,1,1,0
24595,1,1,0
24596,1,1,0
24597,1,1,0
-1,-1,-1,-1
24925,1,1,0
24926,1,1,0
24927,1,1,0
24928,1,1,0
24929,1,1,0
24930,1,1,0
24931,1,1,0
24932,1,1,0
24933,1,1,0
24934,1,1,0
24935,1,2,0
24936,1,0,0
24937,1,0,0
24938,1,0,0
24939,1,0,0
24940,1,0,0
24941,1,0,0
24942,1,0,0
24943,1,0,0
24944,1,0,0
24945,1,0,0
24946,1,0,0
24947,1,0,0
24948,1,0,0
24949,1,0,0
24950,1,0,0
24951,1,0,0
24952,1,0,0
24953,1,1,1
24954,1,1,0
24955,1,1,0
24956,1,1,0
24957,1,1,0
24958,1,2,0
24959,1,0,0
24960,1,0,0
24961,1,0,0
-1,-1,-1,-1
24948,1,0,0
24949,1,0,0
24950,1,0,0
24951,1,0,0
24952,1,0,0
24953,1,1,1
24954,1,1,0
24955,1,1,0
24956,1,1,0
24957,1,1,0
24958,1,2,0
24959,1,0,0
24960,1,0,0
24961,1,0,0
24962,1,1,0
24963,1,1,0
24964,1,1,0
24965,1,1,0
24966,1,1,0
24967,1,1,0
24968,1,1,0
24969,1,1,0
24970,1,1,0
-1,-1,-1,-1
24980,1,1,0
24981,1,1,0
24982,1,1,0
24983,1,1,0
24984,1,1,0
24985,1,1,0
24986,1,1,0
24987,1,1,0
24988,1,1,0
24989,1,1,0
24990,1,2,0
24991,1,0,0
24992,1,0,0
24993,1,0,0
24994,1,0,0
24995,1,0,0
24996,1,0,0
24997,1,1,0
24998,1,1,0
24999,1,1,0
25000,1,1,0
25001,1,1,0
25002,1,1,0
25003,1,1,0
25004,1,1,0
25005,1,1,0
-1,-1,-1,-1
25013,1,1,0
25014,1,1,0
25015,1,1,0
25016,1,1,0
25017,1,1,0
25018,1,1,0
25019,1,1,0
25020,1,1,0
25021,1,1,0
25022,1,1,0
25023,1,2,0
25024,1,1,0
25025,1,1,0
25026,1,1,0
25027,1,1,0
25028,1,1,0
25029,1,1,0
25030,1,1,0
25031,1,1,0
25032,1,1,0
-1,-1,-1,-1
25108,0,0,0
25109,0,0,0
25110,0,0,0
25111,0,0,0
25112,0,0,0
25113,0,0,0
25114,0,0,0
25115,0,0,0
25116,0,0,0
25117,0,0,0
25118,1,0,0
25119,1,0,0
25120,1,0,0
25121,1,0,0
25122,1,0,0
25123,1,0,0
25124,1,0,0
25125,1,0,0
25126,1,0,0
25127,1,0,0
25128,1,0,0
25129,1,0,0
25130,1,0,0
25131,1,0,0
25132,1,0,0
25133,1,0,0
25134,1,0,0
25135,1,0,0
25136,1,0,0
25137,1,0,0
25138,1,0,0
25139,1,0,0
25140,1,1,0
25141,1,1,0
25142,1,1,0
25143,1,1,0
25144,1,1,0
25145,1,1,0
25146,1,1,0
25147,1,1,0
25148,1,1,0
-1,-1,-1,-1
25240,1,1,0
25241,1,1,0
25242,1,1,0
25243,1,1,0
25244,1,1,0
25245,1,1,0
25246,1,1,0
25247,1,1,0
25248,1,1,0
25249,1,1,0
25250,1,2,0
25251,1,0,0
25252,1,0,0
25253,1,1,0
25254,1,1,0
25255,1,1,0
25256,1,1,0
25257,1,1,0
25258,1,1,0
25259,1,1,0
25260,1,1,0
25261,1,1,0
-1,-1,-1,-1
25306,1,1,1
25307,1,1,0
25308,1,1,0
25309,1,1,0
25310,1,1,0
25311,1,1,0
25312,1,1,0
25313,1,1,0
25314,1,1,0
25315,1,1,0
25316,1,2,0
25317,0,0,0
25318,1,1,0
25319,1,1,0
25320,1,1,0
25321,1,1,0
25322,1,1,1
25323,1,1,0
25324,1,1,0
25325,1,1,0
-1,-1,-1,-1
25346,1,1,0
25347,1,1,0
25348,1,1,0
25349,1,1,0
25350,1,1,0
25351,1,1,0
25352,1,1,0
25353,1,1,0
25354,1,1,0
25355,1,1,0
25356,2,1,0
25357,0,1,0
25358,0,2,0
25359,0,0,0
25360,0,0,0
25361,1,1,0
25362,1,1,0
25363,1,1,0
25364,1,1,0
25365,1,1,0
25366,1,1,0
25367,1,1,0
-1,-1,-1,-1
25363,1,1,0
25364,1,1,0
25365,1,1,0
25366,1,1,0
25367,1,1,0
25368,1,1,0
25369,1,1,0
25370,1,1,0
25371,1,1,0
25372,1,1,0
25373,0,1,0
25374,0,1,0
25375,0,1,0
25376,0,1,0
25377,0,1,0
25378,0,1,0
25379,0,1,0
25380,0,1,0
25381,0,1,0
25382,0,1,0
25383,0,1,0
25384,0,1,0
25385,0,1,0
25386,0,1,0
25387,0,1,0
25388,0,1,0
25389,0,1,0
25390,0,1,0
25391,0,1,0
25392,0,1,0
25393,0,1,0
25394,0,1,0
25395,0,1,0
25396,0,1,0
25397,0,1,0
25398,0,1,0
25399,0,1,0
25400,0,1,0
25401,0,1,0
25402,0,1,0
25403,0,1,0
25404,0,1,0
25405,0,1,0
25406,0,1,0
25407,0,1,0
25408,0,1,0
25409,0,1,0
25410,0,1,0
25411,0,1,0
25412,0,1,0
25413,0,1,0
25414,0,1,0
25415,0,2,0
25416,0,0,0
25417,0,0,0
25418,0,0,0
25419,0,0,0
25420,0,0,0
25421,0,0,0
25422,0,1,0
25423,0,1,0
25424,0,1,0
-1,-1,-1,-1
25412,0,1,0
25413,0,1,0
25414,0,1,0
25415,0,2,0
25416,0,0,0
25417,0,0,0
25418,0,0,0
25419,0,0,0
25420,0,0,0
25421,0,0,0
25422,0,1,0
25423,0,1,0
25424,0,1,0
25425,0,1,0
25426,0,1,0
25427,0,1,0
25428,0,1,0
25429,0,1,0
25430,1,1,0
25431,1,1,0
25432,1,1,0
25433,1,1,0
25434,1,1,0
25435,1,1,0
25436,1,1,0
25437,1,1,0
25438,1,1,0
-1,-1,-1,-1
25478,1,1,0
25479,1,1,0
25480,1,1,0
25481,1,1,0
25482,1,1,0
25483,1,1,0
25484,1,1,0
25485,1,1,0
25486,1,1,0
25487,1,1,0
25488,1,2,0
25489,1,0,0
25490,1,0,0
25491,1,1,0
25492,1,1,0
25493,1,1,0
25494,1,1,0
25495,1,1,0
25496,1,1,0
25497,1,1,0
25498,1,1,0
25499,1,1,0
-1,-1,-1,-1
25497,1,1,0
25498,1,1,0
25499,1,1,0
25500,1,1,0
25501,1,1,0
25502,1,1,0
25503,1,1,0
25504,1,1,0
25505,1,1,0
25506,1,1,0
25507,1,2,0
25508,0,0,0
25509,0,0,0
25510,0,0,0
25511,0,0,0
25512,1,1,1
25513,1,1,0
25514,1,1,0
25515,1,1,0
25516,1,1,0
-1,-1,-1,-1
25509,0,0,0
25510,0,0,0
25511,0,0,0
25512,1,1,1
25513,1,1,0
25514,1,1,0
25515,1,1,0
25516,1,1,0
25517,1,1,0
25518,1,1,0
25519,1,2,0
25520,1,0,0
25521,2,0,0
25522,0,0,0
25523,0,0,0
25524,1,1,1
25525,1,1,0
25526,1,1,0
25527,1,1,0
25528,1,1,0
25529,1,1,0
25530,1,1,0
-1,-1,-1,-1
25538,1,1,0
25539,1,1,0
25540,2,2,0
25541,0,0,0
25542,0,0,0
25543,0,0,0
25544,0,0,0
25545,0,0,0
25546,0,0,0
25547,0,0,0
25548,2,1,0
25549,0,1,0
25550,1,1,0
25551,1,1,0
25552,1,1,0
25553,1,1,0
25554,1,1,0
25555,1,1,0
25556,1,1,0
25557,1,1,0
25558,1,1,0
-1,-1,-1,-1
25664,1,1,0
25665,1,1,0
25666,1,1,0
25667,1,1,0
25668,1,1,0
25669,1,1,0
25670,1,1,0
25671,1,1,0
25672,1,1,0
25673,1,1,0
25674,2,1,0
25675,0,1,0
25676,0,1,0
25677,1,1,0
25678,1,1,0
25679,1,1,0
25680,1,1,0
25681,1,1,0
25682,1,1,0
25683,1,1,0
25684,1,1,0
25685,1,1,0
-1,-1,-1,-1
25755,1,1,0
25756,1,1,0
25757,1,1,0
25758,1,1,0
25759,1,1,0
25760,1,1,0
25761,1,1,0
25762,2,2,0
25763,0,0,0
25764,0,0,0
25765,0,1,0
25766,0,1,0
25767,0,2,0
25768,0,0,0
25769,1,1,1
25770,1,1,0
25771,1,1,0
25772,1,1,0
25773,1,1,0
25774,1,1,0
25775,1,1,0
25776,1,1,0
-1,-1,-1,-1
25774,1,1,0
25775,1,1,0
25776,1,1,0
25777,1,1,0
25778,1,1,0
25779,1,1,0
25780,1,1,0
25781,1,1,0
25782,1,1,0
25783,1,1,0
25784,0,2,0
25785,1,0,0
25786,1,0,0
25787,1,0,0
25788,1,0,0
25789,1,0,0
25790,1,0,0
25791,1,0,0
25792,1,1,0
25793,1,1,0
25794,1,1,0
25795,1,1,0
25796,1,1,0
25797,1,1,0
25798,1,1,0
25799,1,1,0
25800,1,1,0
-1,-1,-1,-1
25950,1,1,0
25951,1,1,0
25952,1,1,0
25953,1,1,0
25954,1,1,0
25955,1,1,0
25956,1,1,0
25957,1,1,0
25958,1,1,0
25959,1,1,0
25960,1,2,0
25961,1,0,0
25962,1,0,0
25963,1,0,0
25964,1,0,0
25965,1,0,0
25966,1,0,0
25967,1,1,1
25968,1,1,0
25969,1,1,0
25970,1,1,0
25971,1,1,0
25972,1,2,0
25973,1,0,0
25974,1,0,0
25975,1,1,0
-1,-1,-1,-1
25962,1,0,0
25963,1,0,0
25964,1,0,0
25965,1,0,0
25966,1,0,0
25967,1,1,1
25968,1,1,0
25969,1,1,0
25970,1,1,0
25971,1,1,0
25972,1,2,0
25973,1,0,0
25974,1,0,0
25975,1,1,0
25976,1,1,0
25977,1,1,0
25978,1,1,0
25979,1,1,0
25980,1,1,0
25981,1,1,0
25982,1,1,1
25983,1,1,0
-1,-1,-1,-1
25995,1,1,0
25996,1,1,0
25997,1,1,0
25998,1,1,0
25999,2,2,0
26000,0,0,0
26001,0,0,0
26002,0,0,0
26003,0,0,0
26004,0,0,0
26005,0,1,0
26006,0,1,0
26007,0,1,0
26008,0,1,0
26009,0,1,0
26010,0,1,0
26011,0,1,0
26012,0,1,0
26013,0,1,0
26014,0,1,0
26015,0,1,0
26016,0,1,0
26017,0,1,0
26018,0,1,0
26019,1,1,0
26020,1,1,0
26021,1,1,0
26022,1,1,0
26023,1,1,0
26024,1,1,0
26025,1,1,0
26026,1,1,0
26027,1,1,0
-1,-1,-1,-1
26165,1,1,0
26166,1,1,0
26167,1,1,0
26168,1,1,0
26169,1,1,0
26170,1,1,0
26171,1,1,0
26172,1,1,0
26173,1,1,0
26174,1,1,0
26175,1,2,0
26176,0,0,0
26177,0,0,0
26178,0,0,0
26179,1,1,0
26180,1,1,0
26181,1,1,0
26182,1,1,0
26183,1,1,0
26184,1,1,0
-1,-1,-1,-1
26179,1,1,0
26180,1,1,0
26181,1,1,0
26182,1,1,0
26183,1,1,0
26184,1,1,0
26185,1,1,0
26186,1,1,0
26187,1,1,0
26188,1,1,0
26189,1,2,0
26190,1,0,0
26191,1,0,0
26192,1,1,0
26193,1,1,0
26194,1,1,0
26195,1,1,0
26196,1,1,0
26197,1,1,0
26198,1,1,0
26199,1,1,0
26200,1,1,0
-1,-1,-1,-1
26251,1,1,0
26252,1,1,0
26253,1,1,0
26254,1,1,0
26255,1,1,0
26256,1,1,0
26257,1,1,0
26258,1,1,0
26259,1,1,0
26260,1,1,0
26261,1,2,0
26262,1,0,0
26263,1,0,0
26264,1,0,0
26265,1,1,0
26266,1,1,0
26267,1,1,0
26268,1,1,0
26269,1,1,0
26270,1,1,0
26271,1,1,0
26272,1,1,0
26273,1,1,0
-1,-1,-1,-1
26340,1,1,0
26341,1,1,0
26342,1,1,0
26343,1,1,0
26344,1,1,0
26345,1,1,0
26346,1,1,0
26347,1,1,0
26348,1,1,0
26349,1,1,0
26350,1,2,0
26351,1,0,0
26352,1,0,0
26353,1,0,0
26354,1,0,0
26355,1,0,0
26356,1,1,0
26357,1,1,0
26358,1,1,0
26359,1,1,0
26360,1,1,0
26361,1,1,0
26362,1,1,0
26363,1,1,0
26364,1,1,0
-1,-1,-1,-1
26385,0,0,0
26386,0,0,0
26387,0,0,0
26388,0,0,0
26389,0,0,0
26390,1,1,0
26391,1,1,0
26392,1,1,0
26393,1,1,0
26394,1,1,0
26395,1,2,0
26396,0,0,0
26397,0,0,0
26398,0,0,0
26399,0,0,0
26400,0,0,0
26401,0,0,0
26402,0,0,0
26403,0,0,0
26404,0,0,0
-1,-1,-1,-1
26420,1,1,0
26421,1,1,0
26422,1,1,0
26423,1,1,0
26424,1,1,0
26425,1,1,0
26426,1,1,0
26427,1,1,0
26428,1,1,0
26429,1,1,0
26430,0,1,0
26431,0,1,0
26432,0,1,0
26433,1,1,0
26434,1,1,0
26435,1,1,0
26436,1,1,0
26437,1,1,0
26438,1,1,0
26439,1,1,0
26440,1,1,0
26441,1,1,0
-1,-1,-1,-1
26441,1,1,0
26442,1,1,0
26443,1,1,0
26444,1,1,0
26445,1,1,0
26446,1,1,0
26447,1,1,0
26448,1,1,0
26449,1,1,0
26450,1,1,0
26451,0,1,0
26452,0,1,0
26453,0,1,0
26454,1,1,0
26455,1,1,0
26456,1,1,0
26457,1,1,0
26458,1,1,0
26459,1,1,0
26460,1,1,0
26461,1,1,0
26462,1,1,0
-1,-1,-1,-1
26457,1,1,0
26458,1,1,0
26459,1,1,0
26460,1,1,0
26461,1,1,0
26462,1,1,0
26463,1,1,0
26464,1,1,0
26465,1,1,0
26466,1,1,0
26467,0,1,0
26468,0,1,0
26469,0,1,0
26470,1,1,0
26471,1,1,0
26472,1,1,0
26473,1,1,0
26474,1,1,0
26475,1,1,0
26476,1,2,0
26477,0,0,0
26478,0,0,0
-1,-1,-1,-1
26466,1,1,0
26467,0,1,0
26468,0,1,0
26469,0,1,0
26470,1,1,0
26471,1,1,0
26472,1,1,0
26473,1,1,0
26474,1,1,0
26475,1,1,0
26476,1,2,0
26477,0,0,0
26478,0,0,0
26479,0,0,0
26480,0,0,0
26481,0,0,0
26482,1,0,0
26483,1,0,0
26484,1,0,0
26485,1,0,0
-1,-1,-1,-1
26472,1,1,0
26473,1,1,0
26474,1,1,0
26475,1,1,0
26476,1,2,0
26477,0,0,0
26478,0,0,0
26479,0,0,0
26480,0,0,0
26481,0,0,0
26482,1,0,0
26483,1,0,0
26484,1,0,0
26485,1,0,0
26486,1,0,0
26487,1,0,0
26488,1,0,0
26489,1,0,0
26490,1,0,0
26491,1,0,0
26492,1,0,0
26493,1,0,0
26494,1,0,0
26495,1,0,0
26496,1,0,0
26497,1,0,0
26498,1,0,0
26499,1,1,0
26500,1,1,0
26501,1,1,0
26502,1,1,0
26503,1,1,0
26504,1,1,0
26505,1,1,0
26506,1,1,0
26507,1,1,0
-1,-1,-1,-1
26989,1,1,0
26990,1,1,0
26991,1,1,0
26992,1,1,0
26993,1,1,0
26994,1,1,1
26995,1,1,0
26996,1,1,0
26997,1,1,0
26998,1,1,0
26999,2,1,0
27000,0,1,0
27001,0,1,0
27002,0,1,0
27003,0,1,0
27004,0,1,0
27005,1,1,1
27006,1,1,0
27007,1,1,0
27008,1,1,0
27009,1,1,0
27010,1,1,0
27011,1,1,0
27012,1,1,0
27013,1,1,0
-1,-1,-1,-1
27012,1,1,0
27013,1,1,0
27014,1,1,0
27015,1,1,0
27016,2,2,0
27017,0,0,0
27018,0,0,0
27019,0,0,0
27020,0,0,0
27021,0,0,0
27022,1,0,0
27023,1,0,0
27024,1,0,0
27025,1,0,0
27026,1,0,0
27027,1,0,0
27028,1,0,0
27029,1,0,0
27030,1,0,0
27031,1,0,0
27032,1,0,0
27033,1,0,0
27034,1,0,0
27035,1,0,0
27036,1,1,0
27037,1,1,0
27038,1,1,0
27039,1,1,0
27040,1,1,0
27041,1,1,0
27042,1,1,0
27043,1,1,0
27044,1,1,0
-1,-1,-1,-1
27211,1,1,0
27212,1,1,0
27213,1,1,0
27214,1,1,0
27215,1,1,0
27216,1,1,0
27217,1,1,0
27218,1,1,0
27219,1,1,0
27220,1,1,0
27221,2,1,0
27222,0,1,0
27223,0,1,0
27224,0,1,0
27225,0,1,0
27226,0,1,0
27227,0,1,0
27228,0,1,0
27229,0,1,0
27230,0,1,0
27231,1,1,0
27232,1,1,0
27233,1,1,0
27234,1,1,0
27235,1,1,0
27236,1,1,0
27237,1,1,0
27238,1,1,0
27239,1,1,0
-1,-1,-1,-1
27343,1,1,0
27344,1,1,0
27345,1,1,0
27346,1,1,0
27347,1,1,0
27348,1,1,0
27349,1,1,0
27350,1,1,0
27351,1,1,0
27352,1,1,0
27353,1,2,0
27354,1,0,0
27355,1,0,0
27356,1,0,0
27357,1,1,0
27358,1,1,0
27359,1,1,0
27360,1,1,0
27361,1,1,0
27362,1,1,0
27363,1,1,0
27364,1,1,0
27365,1,1,0
-1,-1,-1,-1
27364,1,1,0
27365,1,1,0
27366,1,1,0
27367,1,1,0
27368,1,1,0
27369,1,1,0
27370,1,1,0
27371,1,1,0
27372,1,1,0
27373,1,1,0
27374,1,2,0
27375,1,0,0
27376,1,0,0
27377,1,0,0
27378,1,1,0
27379,1,1,0
27380,1,1,0
27381,1,1,0
27382,1,1,0
27383,1,1,0
27384,1,1,0
27385,1,1,1
27386,1,1,0
-1,-1,-1,-1
27390,1,1,0
27391,1,1,0
27392,1,1,0
27393,1,1,0
27394,1,1,0
27395,1,1,0
27396,1,1,0
27397,1,1,0
27398,1,1,0
27399,1,1,0
27400,1,2,0
27401,1,0,0
27402,1,0,0
27403,1,0,0
27404,1,0,0
27405,1,0,0
27406,1,0,0
27407,1,0,0
27408,1,0,0
27409,1,0,0
27410,1,0,0
27411,1,0,0
27412,1,0,0
27413,1,1,0
-1,-1,-1,-1
