# tok_idx, proposed_pred, gold, doc_start
163,0,0,0
164,0,0,0
165,0,0,0
166,0,0,0
167,0,0,0
168,0,0,0
169,0,0,0
170,0,0,0
171,0,0,0
172,0,0,0
173,0,1,0
174,0,1,0
175,1,1,0
176,1,1,0
177,1,1,0
178,1,1,0
179,1,1,0
180,1,1,0
181,1,1,0
182,1,1,0
183,1,1,0
-1,-1,-1,-1
486,1,1,0
487,1,1,0
488,1,1,0
489,1,1,0
490,1,1,0
491,1,1,0
492,1,1,0
493,1,1,0
494,1,1,0
495,1,1,0
496,2,1,0
497,1,1,0
498,1,1,0
499,1,1,0
500,1,1,0
501,1,1,0
502,1,1,0
503,1,1,0
504,1,1,0
505,1,1,0
-1,-1,-1,-1
562,1,1,0
563,1,1,0
564,1,1,0
565,1,1,0
566,1,1,0
567,2,2,0
568,0,0,0
569,0,0,0
570,0,0,0
571,1,1,1
572,2,1,0
573,0,2,0
574,0,0,0
575,0,0,0
576,1,1,0
577,1,1,0
578,1,1,0
579,1,1,0
580,1,1,0
581,1,1,0
582,1,1,0
-1,-1,-1,-1
887,1,1,0
888,1,1,0
889,1,1,0
890,1,1,0
891,2,2,0
892,0,0,0
893,0,0,0
894,0,0,0
895,0,0,0
896,0,0,0
897,0,1,0
898,0,1,0
899,1,1,0
900,1,1,0
901,1,1,0
902,1,1,0
903,1,1,0
904,1,1,0
905,1,1,0
906,1,1,0
907,1,1,0
-1,-1,-1,-1
1070,1,1,0
1071,1,1,0
1072,1,1,0
1073,1,1,0
1074,1,1,0
1075,1,1,0
1076,1,1,0
1077,1,1,0
1078,1,1,0
1079,1,1,0
1080,1,2,0
1081,1,0,0
1082,1,0,0
1083,1,0,0
1084,1,1,0
1085,1,1,0
1086,1,1,0
1087,1,1,0
1088,1,1,0
1089,1,1,0
1090,1,1,0
1091,1,1,0
1092,1,1,0
-1,-1,-1,-1
1412,1,1,0
1413,1,1,0
1414,1,1,0
1415,1,1,0
1416,1,1,0
1417,1,1,0
1418,1,1,0
1419,1,1,0
1420,1,1,0
1421,1,1,0
1422,2,1,0
1423,0,1,0
1424,0,1,0
1425,0,1,0
1426,0,1,0
1427,0,1,0
1428,0,1,0
1429,0,1,0
1430,0,1,0
1431,0,1,0
1432,1,1,0
1433,1,1,0
1434,1,1,0
1435,1,1,0
1436,1,1,0
1437,1,1,0
1438,1,1,0
1439,1,1,0
1440,1,1,0
-1,-1,-1,-1
1480,1,1,0
1481,1,1,0
1482,1,1,0
1483,1,1,1
1484,1,1,0
1485,1,1,0
1486,1,1,0
1487,1,1,0
1488,1,1,0
1489,1,1,0
1490,1,2,0
1491,1,0,0
1492,1,0,0
1493,1,1,1
1494,1,1,0
1495,1,1,0
1496,1,1,0
1497,1,1,0
1498,1,1,0
1499,1,1,0
1500,1,1,0
1501,1,1,0
-1,-1,-1,-1
1548,1,1,0
1549,1,1,0
1550,1,1,0
1551,1,1,0
1552,1,1,0
1553,1,1,0
1554,1,1,0
1555,1,1,0
1556,1,1,0
1557,1,1,0
1558,1,2,0
1559,1,0,0
1560,1,0,0
1561,1,0,0
1562,1,0,0
1563,1,0,0
1564,1,1,0
1565,1,1,0
1566,1,1,0
1567,1,1,0
1568,1,1,0
1569,1,1,0
1570,1,1,0
1571,1,1,0
1572,1,1,0
-1,-1,-1,-1
1757,1,1,0
1758,1,1,0
1759,1,1,0
1760,1,1,0
1761,1,1,0
1762,1,1,0
1763,1,1,0
1764,1,1,0
1765,1,1,0
1766,1,1,0
1767,1,2,0
1768,1,0,0
1769,1,0,0
1770,1,1,1
1771,1,1,0
1772,1,1,0
1773,1,1,0
1774,1,1,0
1775,1,1,0
1776,1,1,0
1777,1,1,0
1778,1,1,0
-1,-1,-1,-1
1770,1,1,1
1771,1,1,0
1772,1,1,0
1773,1,1,0
1774,1,1,0
1775,1,1,0
1776,1,1,0
1777,1,1,0
1778,1,1,0
1779,1,1,0
1780,1,2,0
1781,1,0,0
1782,1,0,0
1783,1,0,0
1784,1,0,0
1785,1,1,0
1786,1,1,0
1787,1,1,0
1788,1,1,0
1789,1,1,1
1790,1,1,0
1791,1,1,0
1792,1,1,0
1793,1,1,0
-1,-1,-1,-1
1815,1,1,0
1816,1,1,0
1817,1,1,0
1818,2,2,0
1819,0,0,0
1820,0,0,0
1821,0,0,0
1822,0,0,0
1823,0,0,0
1824,0,0,0
1825,0,1,0
1826,0,1,0
1827,0,1,0
1828,0,1,0
1829,0,1,0
1830,1,1,0
1831,1,1,0
1832,1,1,0
1833,1,1,0
1834,1,1,0
1835,1,1,0
1836,1,1,0
1837,1,1,0
1838,1,1,0
-1,-1,-1,-1
1891,1,1,0
1892,1,1,0
1893,1,1,0
1894,1,1,0
1895,1,1,0
1896,1,1,0
1897,1,1,0
1898,1,1,0
1899,1,1,0
1900,1,1,0
1901,2,1,0
1902,0,1,0
1903,0,1,0
1904,0,1,0
1905,0,1,0
1906,0,1,0
1907,0,1,0
1908,0,1,0
1909,0,1,0
1910,0,1,0
1911,0,1,0
1912,0,1,0
1913,0,1,0
1914,0,1,0
1915,0,1,0
1916,0,1,0
1917,0,1,0
1918,0,1,0
1919,0,1,0
1920,0,1,0
1921,1,1,0
1922,1,1,0
1923,1,1,0
1924,1,1,0
1925,1,1,0
1926,1,1,0
1927,1,1,0
1928,1,1,0
1929,1,1,0
-1,-1,-1,-1
2209,0,0,0
2210,0,0,0
2211,0,0,0
2212,0,0,0
2213,0,0,0
2214,0,0,0
2215,0,0,0
2216,0,0,0
2217,0,0,0
2218,0,0,0
2219,1,0,0
2220,1,0,0
2221,1,0,0
2222,1,0,0
2223,1,0,0
2224,1,0,0
2225,1,0,0
2226,1,0,0
2227,1,0,0
2228,1,0,0
2229,1,0,0
2230,1,0,0
2231,1,0,0
2232,1,0,0
2233,1,1,0
2234,1,1,0
2235,1,1,0
2236,1,1,0
2237,1,1,0
2238,1,1,0
2239,1,1,0
2240,1,1,0
2241,1,1,0
-1,-1,-1,-1
2335,1,1,0
2336,1,1,0
2337,1,1,0
2338,1,1,0
2339,1,1,0
2340,1,1,0
2341,1,1,0
2342,1,1,0
2343,1,1,0
2344,1,1,0
2345,1,2,0
2346,2,0,0
2347,0,0,0
2348,0,0,0
2349,0,0,0
2350,0,0,0
2351,0,0,0
2352,1,1,0
2353,1,1,0
2354,1,2,0
2355,1,0,0
-1,-1,-1,-1
2344,1,1,0
2345,1,2,0
2346,2,0,0
2347,0,0,0
2348,0,0,0
2349,0,0,0
2350,0,0,0
2351,0,0,0
2352,1,1,0
2353,1,1,0
2354,1,2,0
2355,1,0,0
2356,1,0,0
2357,1,0,0
2358,1,0,0
2359,1,1,0
2360,1,1,0
2361,1,1,0
2362,1,1,0
2363,1,1,0
2364,1,1,0
2365,1,1,0
2366,1,1,0
2367,1,1,0
-1,-1,-1,-1
2453,1,1,0
2454,1,1,0
2455,1,1,0
2456,1,1,0
2457,1,1,0
2458,1,1,0
2459,1,1,0
2460,1,1,0
2461,1,1,0
2462,1,1,0
2463,1,2,0
2464,1,0,0
2465,1,0,0
2466,1,1,0
2467,1,1,0
2468,1,1,0
2469,1,1,0
2470,1,1,0
2471,1,1,0
2472,1,1,0
2473,1,1,0
2474,1,1,0
-1,-1,-1,-1
2562,0,0,0
2563,0,0,0
2564,0,0,0
2565,0,0,0
2566,0,0,0
2567,0,0,0
2568,0,0,0
2569,0,0,0
2570,0,0,0
2571,0,0,0
2572,0,1,0
2573,0,1,0
2574,0,1,0
2575,0,1,0
2576,0,1,0
2577,0,1,0
2578,0,1,0
2579,0,1,0
2580,0,1,0
2581,0,1,0
2582,0,1,0
2583,0,1,0
2584,0,1,0
2585,0,1,0
2586,0,1,0
2587,0,1,0
2588,0,1,0
2589,0,1,0
2590,0,1,0
2591,0,1,0
2592,0,1,0
2593,0,1,0
2594,0,1,0
2595,0,1,0
2596,0,1,0
2597,1,1,0
2598,1,1,0
2599,1,1,0
2600,1,1,0
2601,1,1,0
2602,1,1,0
2603,1,1,0
2604,1,1,0
2605,1,1,0
-1,-1,-1,-1
3129,1,1,0
3130,1,1,0
3131,1,1,0
3132,1,1,0
3133,1,1,0
3134,1,1,0
3135,1,1,0
3136,1,1,0
3137,1,1,0
3138,1,1,0
3139,2,1,0
3140,0,1,0
3141,1,1,0
3142,1,1,0
3143,1,1,0
3144,1,1,0
3145,1,1,0
3146,1,1,0
3147,2,1,0
3148,0,1,0
3149,0,1,0
-1,-1,-1,-1
3137,1,1,0
3138,1,1,0
3139,2,1,0
3140,0,1,0
3141,1,1,0
3142,1,1,0
3143,1,1,0
3144,1,1,0
3145,1,1,0
3146,1,1,0
3147,2,1,0
3148,0,1,0
3149,0,1,0
3150,0,1,0
3151,1,1,0
3152,1,1,0
3153,1,1,0
3154,1,1,0
3155,1,1,0
3156,1,1,0
3157,1,1,0
3158,1,1,0
3159,1,1,0
-1,-1,-1,-1
3232,1,1,0
3233,1,1,0
3234,1,1,0
3235,1,1,0
3236,1,1,0
3237,1,1,0
3238,1,1,0
3239,1,1,0
3240,1,1,0
3241,1,1,0
3242,1,2,1
3243,1,0,0
3244,1,0,0
3245,1,1,0
3246,1,1,0
3247,1,1,0
3248,1,1,0
3249,1,1,0
3250,1,1,0
3251,1,1,0
3252,1,1,0
3253,1,1,0
-1,-1,-1,-1
3244,1,0,0
3245,1,1,0
3246,1,1,0
3247,1,1,0
3248,1,1,0
3249,1,1,0
3250,1,1,0
3251,1,1,0
3252,1,1,0
3253,1,1,0
3254,2,1,1
3255,0,1,0
3256,0,1,0
3257,0,1,0
3258,0,1,0
3259,0,2,0
3260,0,0,0
3261,0,0,0
3262,0,0,0
3263,0,0,0
3264,1,1,0
3265,1,1,0
3266,1,1,0
3267,1,1,0
3268,1,1,0
-1,-1,-1,-1
3354,0,0,0
3355,0,0,0
3356,0,0,0
3357,0,0,0
3358,0,0,0
3359,0,0,0
3360,0,0,0
3361,0,0,0
3362,0,0,0
3363,0,0,0
3364,0,1,0
3365,0,1,0
3366,0,1,0
3367,0,1,0
3368,0,1,0
3369,2,2,0
3370,0,0,0
3371,0,0,0
3372,0,0,0
3373,0,0,0
3374,0,1,0
3375,0,1,0
3376,1,1,0
3377,1,1,0
-1,-1,-1,-1
3364,0,1,0
3365,0,1,0
3366,0,1,0
3367,0,1,0
3368,0,1,0
3369,2,2,0
3370,0,0,0
3371,0,0,0
3372,0,0,0
3373,0,0,0
3374,0,1,0
3375,0,1,0
3376,1,1,0
3377,1,1,0
3378,1,1,0
3379,1,1,0
3380,1,1,0
3381,1,1,0
3382,1,1,0
3383,1,1,0
3384,1,1,0
-1,-1,-1,-1
3481,1,1,0
3482,1,1,0
3483,1,1,0
3484,1,1,0
3485,1,1,0
3486,1,1,0
3487,1,1,0
3488,1,1,0
3489,1,1,0
3490,1,1,0
3491,1,2,0
3492,1,0,0
3493,1,1,0
3494,1,1,0
3495,1,1,0
3496,1,1,0
3497,1,1,0
3498,1,1,0
3499,1,1,0
3500,1,1,0
3501,1,1,0
-1,-1,-1,-1
3499,1,1,0
3500,1,1,0
3501,1,1,0
3502,1,1,0
3503,1,1,0
3504,1,1,0
3505,1,1,0
3506,1,1,0
3507,1,1,0
3508,1,1,1
3509,2,1,0
3510,0,1,0
3511,0,1,0
3512,0,1,0
3513,0,1,0
3514,0,1,0
3515,0,1,0
3516,0,1,0
3517,1,1,0
3518,1,1,0
3519,1,1,0
3520,1,1,0
3521,1,1,0
3522,1,1,1
3523,1,1,0
3524,1,1,0
3525,1,1,0
-1,-1,-1,-1
3525,1,1,0
3526,1,1,0
3527,1,1,0
3528,1,1,0
3529,1,1,0
3530,1,1,0
3531,1,1,0
3532,1,1,0
3533,1,1,0
3534,1,1,0
3535,2,1,0
3536,0,1,0
3537,0,1,0
3538,0,1,0
3539,0,1,0
3540,0,1,0
3541,0,1,0
3542,0,1,0
3543,0,1,0
3544,0,1,0
3545,0,1,0
3546,0,1,0
3547,0,1,0
3548,0,1,0
3549,0,1,0
3550,2,1,0
3551,0,1,0
3552,1,1,0
3553,1,1,0
3554,1,1,0
3555,1,1,0
3556,1,1,0
3557,1,1,0
3558,1,1,0
3559,1,1,0
3560,1,1,0
-1,-1,-1,-1
3569,1,1,0
3570,1,1,0
3571,1,1,0
3572,1,1,0
3573,1,1,0
3574,1,1,0
3575,1,1,0
3576,1,1,0
3577,1,1,0
3578,1,1,0
3579,2,1,0
3580,0,1,0
3581,0,1,0
3582,1,1,0
3583,1,1,0
3584,1,1,0
3585,2,1,0
3586,0,1,0
3587,0,1,0
3588,0,1,0
3589,0,1,0
3590,0,1,0
-1,-1,-1,-1
3575,1,1,0
3576,1,1,0
3577,1,1,0
3578,1,1,0
3579,2,1,0
3580,0,1,0
3581,0,1,0
3582,1,1,0
3583,1,1,0
3584,1,1,0
3585,2,1,0
3586,0,1,0
3587,0,1,0
3588,0,1,0
3589,0,1,0
3590,0,1,0
3591,1,1,0
3592,1,1,0
3593,1,1,0
3594,1,1,0
3595,1,1,0
3596,1,1,0
3597,1,1,0
3598,1,1,0
3599,1,1,0
-1,-1,-1,-1
3865,1,1,0
3866,1,1,0
3867,1,1,0
3868,1,1,0
3869,1,1,0
3870,1,1,0
3871,1,1,0
3872,1,1,0
3873,2,2,0
3874,0,0,0
3875,1,0,0
3876,1,0,0
3877,1,0,0
3878,1,0,0
3879,1,0,0
3880,1,1,1
3881,1,1,0
3882,1,1,0
3883,1,1,0
3884,1,1,0
3885,1,1,0
3886,1,1,0
3887,1,1,0
3888,1,1,0
-1,-1,-1,-1
3887,1,1,0
3888,1,1,0
3889,1,1,0
3890,1,1,0
3891,1,1,0
3892,1,1,0
3893,1,1,0
3894,1,1,0
3895,1,1,0
3896,1,1,0
3897,1,2,0
3898,1,0,0
3899,1,0,0
3900,1,0,0
3901,1,0,0
3902,1,0,0
3903,1,1,0
3904,1,1,0
3905,1,1,0
3906,1,1,0
3907,1,1,0
3908,1,1,0
3909,1,1,0
3910,1,1,0
3911,1,1,0
-1,-1,-1,-1
3962,1,1,0
3963,1,1,0
3964,1,1,0
3965,1,1,0
3966,1,1,0
3967,1,1,0
3968,1,1,0
3969,1,1,0
3970,1,1,0
3971,1,1,0
3972,1,2,0
3973,1,0,0
3974,1,1,0
3975,1,1,0
3976,1,1,0
3977,1,1,0
3978,1,1,0
3979,1,1,0
3980,1,1,0
3981,1,1,0
3982,1,1,0
-1,-1,-1,-1
4173,1,1,0
4174,1,1,0
4175,1,1,0
4176,1,1,0
4177,1,1,0
4178,1,1,0
4179,1,1,0
4180,1,1,0
4181,1,1,0
4182,1,1,0
4183,1,2,0
4184,1,0,0
4185,1,0,0
4186,1,0,0
4187,1,1,0
4188,1,1,0
4189,2,2,0
4190,0,0,0
4191,0,0,0
4192,0,0,0
4193,0,0,0
4194,0,0,0
4195,0,0,0
-1,-1,-1,-1
4420,1,1,0
4421,1,1,0
4422,1,1,0
4423,1,1,0
4424,1,1,0
4425,1,1,0
4426,1,1,0
4427,1,1,0
4428,1,1,0
4429,1,1,0
4430,1,2,0
4431,1,0,0
4432,1,0,0
4433,1,0,0
4434,1,1,0
4435,1,1,0
4436,1,1,0
4437,1,1,0
4438,1,1,0
4439,1,1,0
4440,1,1,0
4441,1,1,0
4442,1,1,0
-1,-1,-1,-1
4437,1,1,0
4438,1,1,0
4439,1,1,0
4440,1,1,0
4441,1,1,0
4442,1,1,0
4443,1,1,0
4444,1,1,0
4445,1,1,0
4446,1,1,0
4447,1,2,0
4448,1,0,0
4449,1,0,0
4450,1,0,0
4451,2,2,1
4452,0,0,0
4453,0,0,0
4454,0,0,0
4455,0,0,0
4456,1,1,0
4457,1,1,0
4458,1,1,0
4459,1,1,0
-1,-1,-1,-1
4573,1,1,0
4574,1,1,0
4575,1,1,0
4576,1,1,0
4577,1,1,0
4578,1,1,0
4579,1,1,0
4580,1,1,0
4581,1,1,0
4582,1,1,0
4583,1,2,0
4584,1,0,0
4585,1,0,0
4586,1,1,0
4587,1,1,0
4588,1,1,0
4589,1,1,0
4590,1,1,0
4591,1,1,0
4592,1,1,0
4593,1,1,0
4594,1,1,0
-1,-1,-1,-1
4644,1,1,0
4645,1,1,0
4646,1,1,0
4647,1,1,0
4648,1,1,0
4649,1,1,0
4650,1,1,0
4651,1,1,0
4652,1,1,0
4653,1,1,0
4654,1,2,0
4655,1,0,0
4656,1,1,0
4657,1,1,0
4658,1,1,0
4659,1,1,0
4660,1,1,0
4661,1,1,0
4662,1,1,0
4663,1,1,0
4664,1,1,0
-1,-1,-1,-1
4731,1,1,0
4732,1,1,0
4733,1,1,0
4734,1,1,0
4735,1,1,0
4736,1,1,0
4737,1,1,0
4738,1,1,0
4739,1,1,0
4740,1,1,0
4741,2,1,0
4742,0,1,0
4743,0,1,0
4744,0,1,0
4745,0,1,0
4746,0,1,0
4747,1,1,0
4748,1,1,0
4749,1,1,0
4750,1,1,0
4751,1,1,0
4752,1,1,0
4753,1,1,0
4754,1,1,0
4755,1,1,0
-1,-1,-1,-1
5027,1,1,0
5028,1,1,0
5029,1,1,0
5030,1,1,0
5031,1,1,0
5032,1,1,0
5033,1,1,0
5034,1,1,0
5035,1,1,0
5036,1,1,0
5037,2,1,1
5038,0,1,0
5039,0,1,0
5040,0,1,0
5041,0,1,0
5042,0,1,0
5043,1,1,0
5044,1,1,0
5045,1,1,0
5046,1,1,0
5047,1,1,0
5048,1,1,0
5049,1,1,0
5050,1,1,0
5051,1,1,0
-1,-1,-1,-1
5080,1,1,0
5081,1,1,0
5082,1,1,0
5083,1,1,0
5084,1,1,0
5085,1,1,0
5086,1,1,0
5087,1,1,0
5088,1,1,0
5089,1,1,0
5090,2,1,0
5091,0,1,0
5092,0,1,0
5093,0,1,0
5094,0,1,0
5095,0,1,0
5096,0,1,0
5097,0,1,0
5098,0,1,0
5099,0,1,0
5100,0,1,0
5101,0,1,0
5102,0,1,0
5103,0,1,0
5104,0,1,0
5105,0,1,0
5106,0,1,0
5107,0,1,0
5108,0,1,0
5109,0,1,0
5110,0,1,0
5111,0,1,0
5112,0,1,0
5113,0,1,0
5114,0,1,0
5115,0,1,0
5116,0,1,0
5117,0,1,0
5118,0,1,0
5119,0,1,0
5120,0,1,0
5121,1,1,0
5122,1,1,0
5123,1,1,0
5124,1,1,0
5125,1,1,0
5126,1,1,0
5127,1,1,0
5128,1,1,0
5129,1,1,0
-1,-1,-1,-1
5371,1,1,0
5372,1,1,0
5373,1,1,0
5374,1,1,0
5375,1,1,1
5376,1,1,0
5377,1,1,0
5378,1,1,0
5379,1,1,0
5380,1,1,0
5381,1,2,0
5382,1,0,0
5383,1,0,0
5384,2,0,0
5385,0,0,0
5386,0,0,0
5387,0,0,0
5388,1,1,1
5389,1,1,0
5390,1,1,0
5391,1,1,0
5392,1,1,0
5393,1,1,0
-1,-1,-1,-1
5385,0,0,0
5386,0,0,0
5387,0,0,0
5388,1,1,1
5389,1,1,0
5390,1,1,0
5391,1,1,0
5392,1,1,0
5393,1,1,0
5394,1,1,0
5395,2,1,0
5396,0,1,0
5397,0,2,0
5398,0,0,0
5399,0,0,0
5400,0,0,0
5401,0,0,0
5402,0,0,0
5403,1,1,0
5404,1,1,0
5405,1,1,0
5406,1,1,0
-1,-1,-1,-1
5534,1,1,0
5535,1,1,0
5536,1,1,1
5537,1,1,0
5538,1,1,0
5539,1,1,0
5540,1,1,0
5541,1,1,0
5542,1,1,0
5543,1,1,0
5544,2,1,0
5545,0,1,0
5546,0,1,0
5547,0,1,0
5548,0,2,0
5549,0,0,0
5550,1,0,0
5551,1,0,0
5552,1,1,1
5553,1,2,0
5554,1,0,0
5555,1,0,0
5556,1,0,0
5557,1,1,0
-1,-1,-1,-1
5540,1,1,0
5541,1,1,0
5542,1,1,0
5543,1,1,0
5544,2,1,0
5545,0,1,0
5546,0,1,0
5547,0,1,0
5548,0,2,0
5549,0,0,0
5550,1,0,0
5551,1,0,0
5552,1,1,1
5553,1,2,0
5554,1,0,0
5555,1,0,0
5556,1,0,0
5557,1,1,0
5558,1,1,0
5559,1,1,0
5560,1,1,0
-1,-1,-1,-1
5543,1,1,0
5544,2,1,0
5545,0,1,0
5546,0,1,0
5547,0,1,0
5548,0,2,0
5549,0,0,0
5550,1,0,0
5551,1,0,0
5552,1,1,1
5553,1,2,0
5554,1,0,0
5555,1,0,0
5556,1,0,0
5557,1,1,0
5558,1,1,0
5559,1,1,0
5560,1,1,0
5561,1,1,0
5562,1,1,0
5563,1,1,0
5564,1,1,0
5565,1,1,0
-1,-1,-1,-1
5564,1,1,0
5565,1,1,0
5566,1,1,0
5567,1,1,0
5568,1,1,0
5569,1,1,0
5570,1,1,0
5571,1,1,0
5572,1,1,0
5573,1,1,0
5574,2,1,0
5575,0,1,0
5576,0,1,0
5577,0,1,0
5578,0,1,0
5579,0,1,0
5580,0,1,0
5581,1,1,0
5582,1,1,0
5583,1,1,0
5584,1,1,0
5585,1,1,0
5586,1,1,0
5587,1,1,0
5588,1,1,0
5589,1,1,0
-1,-1,-1,-1
5645,1,1,0
5646,1,1,0
5647,1,1,0
5648,1,1,0
5649,1,1,0
5650,2,2,0
5651,0,0,0
5652,0,0,0
5653,0,0,0
5654,0,0,0
5655,0,1,0
5656,0,1,0
5657,0,1,0
5658,0,1,0
5659,0,1,0
5660,0,1,0
5661,0,1,0
5662,0,1,0
5663,0,1,0
5664,0,1,0
5665,0,1,0
5666,0,1,0
5667,0,1,0
5668,0,1,0
5669,0,1,0
5670,0,1,0
5671,0,1,0
5672,0,1,0
5673,0,1,0
5674,0,1,0
5675,1,1,0
5676,1,1,0
5677,1,1,0
5678,1,1,0
5679,1,1,0
5680,1,1,0
5681,1,1,0
5682,1,1,0
5683,1,1,0
-1,-1,-1,-1
5757,1,1,0
5758,1,1,0
5759,1,1,0
5760,1,1,0
5761,1,1,0
5762,1,1,0
5763,1,1,0
5764,1,1,0
5765,1,1,0
5766,1,1,0
5767,2,1,0
5768,0,1,0
5769,0,1,0
5770,1,1,0
5771,1,1,0
5772,1,1,0
5773,1,1,0
5774,1,1,0
5775,1,1,0
5776,1,1,0
5777,1,1,0
5778,1,1,0
-1,-1,-1,-1
5813,1,1,0
5814,1,1,0
5815,2,2,0
5816,0,0,0
5817,0,0,0
5818,0,0,0
5819,0,0,0
5820,1,1,1
5821,1,1,0
5822,1,1,0
5823,1,2,0
5824,2,0,0
5825,0,0,0
5826,0,0,0
5827,1,0,0
5828,1,0,0
5829,1,0,0
5830,1,1,0
5831,1,1,0
5832,1,1,0
5833,1,1,0
-1,-1,-1,-1
5817,0,0,0
5818,0,0,0
5819,0,0,0
5820,1,1,1
5821,1,1,0
5822,1,1,0
5823,1,2,0
5824,2,0,0
5825,0,0,0
5826,0,0,0
5827,1,0,0
5828,1,0,0
5829,1,0,0
5830,1,1,0
5831,1,1,0
5832,1,1,0
5833,1,1,0
5834,1,1,0
5835,1,1,0
5836,1,1,0
5837,1,1,0
5838,1,1,0
-1,-1,-1,-1
5989,0,0,0
5990,0,0,0
5991,0,0,0
5992,0,0,0
5993,0,0,0
5994,0,0,0
5995,0,0,0
5996,0,0,0
5997,0,0,0
5998,0,0,0
5999,0,1,0
6000,0,1,0
6001,0,1,0
6002,1,1,0
6003,1,1,0
6004,1,1,0
6005,1,1,0
6006,1,1,0
6007,1,1,0
6008,1,1,0
6009,1,1,0
6010,1,1,0
-1,-1,-1,-1
6031,1,1,0
6032,1,1,0
6033,1,1,0
6034,1,1,0
6035,2,2,0
6036,0,0,0
6037,0,0,0
6038,0,0,0
6039,0,0,0
6040,0,0,0
6041,1,0,0
6042,1,0,0
6043,1,0,0
6044,1,0,0
6045,1,0,0
6046,1,0,0
6047,2,0,0
6048,0,0,0
6049,1,0,0
6050,1,0,0
6051,1,0,0
6052,1,0,0
6053,1,0,0
6054,1,0,0
6055,1,0,0
6056,1,1,0
-1,-1,-1,-1
6039,0,0,0
6040,0,0,0
6041,1,0,0
6042,1,0,0
6043,1,0,0
6044,1,0,0
6045,1,0,0
6046,1,0,0
6047,2,0,0
6048,0,0,0
6049,1,0,0
6050,1,0,0
6051,1,0,0
6052,1,0,0
6053,1,0,0
6054,1,0,0
6055,1,0,0
6056,1,1,0
6057,1,1,0
6058,1,1,0
6059,1,1,0
6060,1,1,0
6061,1,1,0
6062,1,1,0
6063,1,1,0
6064,1,1,0
-1,-1,-1,-1
6114,1,1,0
6115,1,1,0
6116,1,1,0
6117,1,1,0
6118,2,2,0
6119,0,0,0
6120,0,0,0
6121,0,0,0
6122,0,0,0
6123,1,1,1
6124,1,2,0
6125,1,0,0
6126,1,1,0
6127,1,1,0
6128,1,1,0
6129,1,1,0
6130,1,1,0
6131,1,1,0
6132,1,1,0
6133,1,1,0
6134,1,1,0
-1,-1,-1,-1
6151,1,1,0
6152,1,1,0
6153,1,1,0
6154,1,1,0
6155,1,1,0
6156,1,1,0
6157,1,1,0
6158,1,1,0
6159,1,1,0
6160,1,1,0
6161,1,2,0
6162,1,0,0
6163,1,0,0
6164,1,0,0
6165,1,1,0
6166,1,1,0
6167,1,1,0
6168,1,1,0
6169,1,1,0
6170,1,1,0
6171,1,1,0
6172,1,1,0
6173,1,1,0
-1,-1,-1,-1
6226,1,1,0
6227,1,1,0
6228,1,1,0
6229,1,1,0
6230,1,1,0
6231,1,1,0
6232,1,1,0
6233,1,1,0
6234,1,1,0
6235,1,1,0
6236,2,1,0
6237,0,1,0
6238,0,1,0
6239,0,1,0
6240,0,1,0
6241,0,1,0
6242,0,1,0
6243,0,1,0
6244,0,1,0
6245,0,1,0
6246,0,1,0
6247,0,1,0
6248,0,1,0
6249,0,1,0
6250,0,1,0
6251,0,1,0
6252,0,1,0
6253,0,1,0
6254,0,1,0
6255,0,1,0
6256,0,1,0
6257,1,1,0
6258,1,1,0
6259,1,1,0
6260,1,1,0
6261,1,1,0
6262,1,1,0
6263,1,1,0
6264,1,1,0
6265,1,1,0
-1,-1,-1,-1
6372,1,1,0
6373,1,1,0
6374,1,1,0
6375,1,1,0
6376,1,1,0
6377,1,1,0
6378,1,1,0
6379,1,1,0
6380,1,1,0
6381,1,1,0
6382,1,2,0
6383,1,0,0
6384,1,0,0
6385,1,0,0
6386,1,0,0
6387,1,1,0
6388,1,1,0
6389,1,1,0
6390,1,1,0
6391,1,1,0
6392,1,1,0
6393,1,1,0
6394,1,1,0
6395,1,1,0
-1,-1,-1,-1
6412,0,0,0
6413,0,0,0
6414,0,0,0
6415,0,0,0
6416,1,1,1
6417,1,1,0
6418,1,1,0
6419,1,1,0
6420,1,1,0
6421,1,1,0
6422,2,1,0
6423,0,1,0
6424,0,1,0
6425,0,1,0
6426,0,1,0
6427,0,1,0
6428,1,1,0
6429,1,1,0
6430,1,1,0
6431,1,1,0
6432,1,1,0
6433,1,1,0
6434,1,1,0
6435,1,1,0
6436,1,1,0
-1,-1,-1,-1
6545,1,1,0
6546,1,1,0
6547,1,1,0
6548,1,1,0
6549,1,1,0
6550,1,1,0
6551,1,1,0
6552,1,1,0
6553,1,1,0
6554,1,1,0
6555,2,1,0
6556,0,1,0
6557,0,1,0
6558,0,1,0
6559,0,1,0
6560,0,1,0
6561,1,1,0
6562,1,1,0
6563,1,1,0
6564,1,1,0
6565,1,1,0
6566,1,1,0
6567,1,1,0
6568,1,1,0
6569,1,1,0
-1,-1,-1,-1
6715,1,1,0
6716,1,1,0
6717,1,1,0
6718,1,1,0
6719,1,1,0
6720,1,1,0
6721,1,1,0
6722,1,1,0
6723,1,1,0
6724,1,1,0
6725,1,2,0
6726,1,1,0
6727,1,1,0
6728,1,1,0
6729,1,1,0
6730,1,1,0
6731,1,1,0
6732,1,1,0
6733,1,1,0
6734,1,1,0
-1,-1,-1,-1
6836,1,1,0
6837,1,1,0
6838,1,1,0
6839,1,1,0
6840,1,1,0
6841,1,1,0
6842,1,1,0
6843,1,1,0
6844,1,1,0
6845,1,1,0
6846,2,1,0
6847,0,1,0
6848,0,1,0
6849,0,2,0
6850,0,0,0
6851,0,0,0
6852,0,0,0
6853,0,0,0
6854,1,1,0
6855,1,1,0
6856,1,1,0
6857,1,1,0
6858,1,1,0
-1,-1,-1,-1
7058,1,1,0
7059,1,1,0
7060,1,1,0
7061,1,1,0
7062,1,1,0
7063,1,1,0
7064,1,1,0
7065,1,1,0
7066,1,1,0
7067,1,1,0
7068,1,2,0
7069,1,0,0
7070,1,0,0
7071,1,0,0
7072,1,0,0
7073,1,1,0
7074,1,1,0
7075,1,1,0
7076,1,1,0
7077,1,1,0
7078,1,1,0
7079,1,1,0
7080,1,1,0
7081,1,1,0
-1,-1,-1,-1
7089,1,1,0
7090,1,1,0
7091,1,1,0
7092,1,1,0
7093,1,1,0
7094,1,1,0
7095,1,1,0
7096,1,1,1
7097,1,1,0
7098,1,1,0
7099,1,2,0
7100,1,0,0
7101,1,0,0
7102,1,0,0
7103,1,1,0
7104,1,1,0
7105,1,1,0
7106,1,1,0
7107,1,1,0
7108,1,1,1
7109,1,1,0
7110,1,1,0
7111,1,1,0
-1,-1,-1,-1
7197,1,1,0
7198,1,1,0
7199,1,1,0
7200,1,1,0
7201,1,1,0
7202,1,1,0
7203,1,1,0
7204,1,1,0
7205,1,1,0
7206,1,1,0
7207,1,2,0
7208,1,0,0
7209,1,0,0
7210,1,0,0
7211,1,0,0
7212,1,0,0
7213,1,1,0
7214,1,1,0
7215,1,1,0
7216,1,1,0
7217,1,1,0
7218,1,1,0
7219,1,1,0
7220,1,1,0
7221,1,1,0
-1,-1,-1,-1
7237,0,0,0
7238,0,0,0
7239,0,0,0
7240,0,0,0
7241,0,0,0
7242,0,0,0
7243,0,0,0
7244,0,0,0
7245,0,0,0
7246,1,1,0
7247,2,1,0
7248,0,1,0
7249,0,1,0
7250,0,1,0
7251,0,1,0
7252,0,1,0
7253,0,1,0
7254,0,1,0
7255,0,1,0
7256,0,1,0
7257,0,1,0
7258,0,1,0
7259,0,1,0
7260,0,1,0
7261,0,1,0
7262,1,1,0
7263,1,1,0
7264,1,1,0
7265,1,1,0
7266,1,1,0
7267,1,1,0
7268,1,1,0
7269,1,1,0
7270,1,1,0
-1,-1,-1,-1
7485,1,1,0
7486,1,1,0
7487,1,1,0
7488,1,1,0
7489,1,1,0
7490,1,1,0
7491,1,1,0
7492,1,1,0
7493,1,1,0
7494,1,1,0
7495,1,2,0
7496,1,0,0
7497,1,0,0
7498,1,0,0
7499,1,0,0
7500,1,0,0
7501,1,0,0
7502,1,0,0
7503,1,0,0
7504,1,0,0
7505,1,1,0
7506,1,1,0
7507,1,1,0
7508,1,1,0
7509,1,1,0
7510,1,1,0
7511,1,1,0
7512,1,1,0
7513,1,1,0
-1,-1,-1,-1
7882,1,1,0
7883,1,1,0
7884,1,1,0
7885,1,1,0
7886,1,1,0
7887,1,1,0
7888,1,1,0
7889,1,1,0
7890,1,1,0
7891,1,1,0
7892,1,2,0
7893,1,0,0
7894,1,1,0
7895,1,1,0
7896,1,1,0
7897,1,1,0
7898,1,1,0
7899,1,1,0
7900,1,1,0
7901,1,1,0
7902,1,1,0
-1,-1,-1,-1
7918,1,1,0
7919,1,1,0
7920,1,1,0
7921,1,1,0
7922,1,1,0
7923,1,1,0
7924,1,1,0
7925,1,1,0
7926,1,1,0
7927,1,1,0
7928,1,2,0
7929,1,0,0
7930,1,0,0
7931,1,0,0
7932,1,0,0
7933,1,1,1
7934,1,1,0
7935,2,1,0
7936,0,1,0
7937,0,1,0
7938,0,1,0
7939,0,1,0
7940,0,1,0
7941,0,1,0
-1,-1,-1,-1
7925,1,1,0
7926,1,1,0
7927,1,1,0
7928,1,2,0
7929,1,0,0
7930,1,0,0
7931,1,0,0
7932,1,0,0
7933,1,1,1
7934,1,1,0
7935,2,1,0
7936,0,1,0
7937,0,1,0
7938,0,1,0
7939,0,1,0
7940,0,1,0
7941,0,1,0
7942,0,2,0
7943,0,0,0
7944,1,1,0
7945,1,1,0
7946,1,1,0
7947,1,1,0
7948,1,1,0
7949,1,1,0
7950,1,1,0
7951,1,1,0
-1,-1,-1,-1
7950,1,1,0
7951,1,1,0
7952,1,1,0
7953,1,1,0
7954,1,1,0
7955,1,1,0
7956,1,1,0
7957,1,1,1
7958,1,1,0
7959,1,1,0
7960,2,1,0
7961,0,1,0
7962,0,1,0
7963,1,1,0
7964,1,1,0
7965,1,1,0
7966,1,1,0
7967,1,1,0
7968,1,1,0
7969,1,1,0
7970,1,1,0
7971,1,1,0
-1,-1,-1,-1
8011,1,1,0
8012,1,1,0
8013,1,1,0
8014,1,1,0
8015,1,1,0
8016,1,1,0
8017,1,1,0
8018,1,1,0
8019,1,1,0
8020,1,1,0
8021,2,1,0
8022,0,1,0
8023,0,1,0
8024,0,1,0
8025,0,1,0
8026,0,2,0
8027,0,0,0
8028,0,0,0
8029,2,0,0
8030,0,0,0
8031,0,0,0
8032,0,0,0
8033,0,0,0
8034,0,0,0
8035,0,0,0
-1,-1,-1,-1
8019,1,1,0
8020,1,1,0
8021,2,1,0
8022,0,1,0
8023,0,1,0
8024,0,1,0
8025,0,1,0
8026,0,2,0
8027,0,0,0
8028,0,0,0
8029,2,0,0
8030,0,0,0
8031,0,0,0
8032,0,0,0
8033,0,0,0
8034,0,0,0
8035,0,0,0
8036,0,0,0
8037,0,0,0
8038,0,0,0
-1,-1,-1,-1
8283,1,1,0
8284,1,1,0
8285,1,1,0
8286,1,1,0
8287,1,1,0
8288,1,1,0
8289,1,1,0
8290,1,1,0
8291,1,1,0
8292,1,1,0
8293,2,1,0
8294,0,1,0
8295,0,2,0
8296,0,0,0
8297,0,0,0
8298,0,0,0
8299,0,0,0
8300,0,0,0
8301,0,0,0
8302,0,0,0
8303,0,0,0
8304,0,0,0
-1,-1,-1,-1
8298,0,0,0
8299,0,0,0
8300,0,0,0
8301,0,0,0
8302,0,0,0
8303,0,0,0
8304,0,0,0
8305,0,0,0
8306,1,1,0
8307,1,1,0
8308,2,1,0
8309,0,1,0
8310,0,2,0
8311,0,0,0
8312,0,0,0
8313,0,0,0
8314,0,0,0
8315,0,0,0
8316,0,0,0
8317,0,0,0
8318,0,0,0
8319,0,0,0
-1,-1,-1,-1
8318,0,0,0
8319,0,0,0
8320,0,0,0
8321,0,0,0
8322,0,0,0
8323,0,0,0
8324,0,0,0
8325,0,0,0
8326,0,0,0
8327,0,0,0
8328,1,0,0
8329,1,1,0
8330,1,1,0
8331,1,1,0
8332,1,1,0
8333,1,1,0
8334,1,1,0
8335,1,1,0
8336,1,1,0
8337,1,1,0
-1,-1,-1,-1
8494,1,1,0
8495,1,1,0
8496,1,1,0
8497,1,1,0
8498,1,1,0
8499,1,1,0
8500,2,2,0
8501,0,0,0
8502,0,0,0
8503,0,0,0
8504,1,0,0
8505,1,0,0
8506,1,0,0
8507,1,0,0
8508,1,0,0
8509,1,0,0
8510,1,0,0
8511,1,0,0
8512,1,1,0
8513,1,1,0
8514,1,1,0
8515,1,1,0
8516,1,1,0
8517,1,1,0
8518,1,1,0
8519,1,1,0
8520,1,1,0
-1,-1,-1,-1
8541,1,1,0
8542,1,1,0
8543,1,1,0
8544,1,1,0
8545,1,1,0
8546,1,1,0
8547,2,2,0
8548,0,0,0
8549,0,0,0
8550,0,0,0
8551,1,0,0
8552,1,0,0
8553,1,0,0
8554,1,0,0
8555,1,0,0
8556,1,0,0
8557,1,1,1
8558,1,1,0
8559,1,1,0
8560,1,1,0
8561,1,1,0
8562,1,1,0
8563,1,1,0
8564,1,1,0
8565,2,2,0
-1,-1,-1,-1
8567,1,1,0
8568,1,1,0
8569,1,1,0
8570,1,1,0
8571,1,1,0
8572,1,1,0
8573,1,1,0
8574,1,1,0
8575,1,1,0
8576,1,1,1
8577,1,2,0
8578,1,1,0
8579,1,1,0
8580,1,1,0
8581,1,1,0
8582,1,1,0
8583,1,1,0
8584,1,1,0
8585,1,1,0
8586,1,1,0
-1,-1,-1,-1
8639,1,1,0
8640,1,1,0
8641,1,1,0
8642,1,1,0
8643,1,1,0
8644,1,1,0
8645,1,1,0
8646,1,1,0
8647,1,1,0
8648,1,1,0
8649,1,2,0
8650,1,1,0
8651,1,1,0
8652,1,1,0
8653,1,1,0
8654,1,1,0
8655,1,1,0
8656,1,1,0
8657,1,1,0
8658,1,1,0
-1,-1,-1,-1
8817,1,1,0
8818,1,1,0
8819,1,1,0
8820,1,1,0
8821,1,1,0
8822,1,1,0
8823,1,1,0
8824,1,1,0
8825,1,1,0
8826,1,1,0
8827,1,2,0
8828,1,0,0
8829,1,1,0
8830,1,1,0
8831,1,1,0
8832,1,1,0
8833,1,1,0
8834,1,1,0
8835,1,1,0
8836,1,1,0
8837,1,1,0
-1,-1,-1,-1
8855,2,2,0
8856,0,0,0
8857,0,0,0
8858,0,0,0
8859,0,0,0
8860,0,0,0
8861,0,0,0
8862,0,0,0
8863,0,0,0
8864,0,0,0
8865,0,1,0
8866,0,1,0
8867,0,1,0
8868,0,1,0
8869,0,1,0
8870,0,1,0
8871,0,1,0
8872,0,1,0
8873,1,1,1
8874,1,1,0
8875,1,1,0
8876,1,1,0
8877,1,1,0
8878,1,1,0
8879,1,1,0
8880,1,1,0
8881,1,1,0
-1,-1,-1,-1
8886,1,1,0
8887,1,1,0
8888,1,1,0
8889,1,1,0
8890,1,1,0
8891,1,1,0
8892,1,1,0
8893,1,1,0
8894,1,1,0
8895,1,1,0
8896,1,2,0
8897,1,0,0
8898,1,0,0
8899,1,0,0
8900,1,0,0
8901,1,0,0
8902,1,0,0
8903,1,0,0
8904,1,0,0
8905,1,0,0
8906,1,0,0
8907,1,0,0
8908,1,1,0
8909,1,1,0
8910,1,1,0
8911,1,1,0
8912,1,1,0
8913,1,1,0
8914,1,1,0
8915,1,1,0
8916,1,1,0
-1,-1,-1,-1
8963,1,1,0
8964,1,1,0
8965,1,1,0
8966,1,1,0
8967,1,1,0
8968,1,1,0
8969,1,1,0
8970,1,1,0
8971,1,1,0
8972,1,1,0
8973,2,1,0
8974,0,1,0
8975,0,1,0
8976,0,1,0
8977,0,1,0
8978,0,1,0
8979,0,1,0
8980,0,1,0
8981,1,1,0
8982,1,1,0
8983,1,1,0
8984,1,1,0
8985,1,1,0
8986,1,1,0
8987,1,1,0
8988,1,1,0
8989,1,1,0
-1,-1,-1,-1
9030,1,1,0
9031,1,1,0
9032,1,1,0
9033,1,1,0
9034,1,1,0
9035,1,1,0
9036,1,1,0
9037,1,1,0
9038,1,1,0
9039,1,1,0
9040,1,2,0
9041,1,0,0
9042,1,0,0
9043,1,0,0
9044,1,0,0
9045,1,0,0
9046,1,1,0
9047,1,1,0
9048,1,1,0
9049,1,1,0
9050,1,1,0
9051,1,2,0
9052,1,0,0
9053,1,0,0
9054,1,0,0
-1,-1,-1,-1
9041,1,0,0
9042,1,0,0
9043,1,0,0
9044,1,0,0
9045,1,0,0
9046,1,1,0
9047,1,1,0
9048,1,1,0
9049,1,1,0
9050,1,1,0
9051,1,2,0
9052,1,0,0
9053,1,0,0
9054,1,0,0
9055,1,1,1
9056,1,1,0
9057,1,1,0
9058,1,1,0
9059,1,1,0
9060,1,1,0
9061,1,1,0
9062,1,1,0
9063,1,1,0
-1,-1,-1,-1
9306,1,1,0
9307,1,1,0
9308,1,1,0
9309,1,1,0
9310,1,1,0
9311,1,1,0
9312,1,1,0
9313,1,1,0
9314,1,1,0
9315,1,1,0
9316,1,2,0
9317,1,0,0
9318,1,0,0
9319,1,1,0
9320,1,1,0
9321,1,1,0
9322,1,1,0
9323,1,1,0
9324,1,1,0
9325,1,1,0
9326,1,1,0
9327,1,1,0
-1,-1,-1,-1
9319,1,1,0
9320,1,1,0
9321,1,1,0
9322,1,1,0
9323,1,1,0
9324,1,1,0
9325,1,1,0
9326,1,1,0
9327,1,1,0
9328,1,1,0
9329,2,1,1
9330,0,1,0
9331,0,1,0
9332,1,1,0
9333,1,1,0
9334,1,1,0
9335,1,1,0
9336,1,1,0
9337,1,1,0
9338,1,1,0
9339,2,2,0
9340,0,0,0
-1,-1,-1,-1
9698,0,0,0
9699,0,0,0
9700,0,0,0
9701,0,0,0
9702,0,0,0
9703,0,0,0
9704,0,0,0
9705,0,0,0
9706,0,0,0
9707,0,0,0
9708,0,1,0
9709,1,1,0
9710,1,1,0
9711,1,1,0
9712,1,1,0
9713,1,1,0
9714,1,1,0
9715,1,1,0
9716,1,1,0
9717,1,1,0
-1,-1,-1,-1
9724,1,1,0
9725,1,1,0
9726,1,1,0
9727,1,1,0
9728,1,1,0
9729,1,1,0
9730,1,1,0
9731,1,1,0
9732,1,1,0
9733,1,1,0
9734,1,2,0
9735,1,0,0
9736,1,0,0
9737,1,0,0
9738,1,0,0
9739,1,0,0
9740,1,0,0
9741,1,0,0
9742,1,0,0
9743,1,0,0
9744,1,0,0
9745,1,0,0
9746,1,0,0
9747,1,0,0
9748,1,0,0
9749,1,0,0
9750,1,1,0
9751,1,1,0
9752,1,1,0
9753,1,1,0
9754,1,1,0
9755,1,1,0
9756,1,1,0
9757,1,1,0
9758,1,1,0
-1,-1,-1,-1
9905,1,1,0
9906,1,1,0
9907,1,1,0
9908,1,1,0
9909,1,1,0
9910,1,1,0
9911,1,1,0
9912,1,1,0
9913,1,1,0
9914,1,1,0
9915,1,2,0
9916,1,0,0
9917,1,0,0
9918,1,0,0
9919,1,0,0
9920,1,1,0
9921,1,1,0
9922,1,1,0
9923,1,1,0
9924,1,1,0
9925,1,1,0
9926,1,1,0
9927,1,1,0
9928,1,1,0
-1,-1,-1,-1
9989,1,1,0
9990,1,1,0
9991,1,1,0
9992,1,1,0
9993,1,1,0
9994,1,1,0
9995,1,1,0
9996,2,2,0
9997,0,0,0
9998,0,0,0
9999,0,1,0
10000,0,1,0
10001,0,1,0
10002,0,1,0
10003,0,1,0
10004,0,1,0
10005,0,1,0
10006,0,1,0
10007,0,1,0
10008,0,1,0
10009,0,1,0
10010,0,1,0
10011,1,1,0
10012,1,1,0
10013,1,1,0
10014,1,1,0
10015,1,1,0
10016,1,1,0
10017,1,1,0
10018,1,1,0
10019,1,1,0
-1,-1,-1,-1
10029,1,1,0
10030,1,1,0
10031,1,1,0
10032,1,1,0
10033,1,1,0
10034,1,1,0
10035,1,1,0
10036,2,2,0
10037,0,0,0
10038,0,0,0
10039,0,1,0
10040,0,2,0
10041,0,0,0
10042,0,0,0
10043,0,0,0
10044,0,0,0
10045,0,0,0
10046,0,0,0
10047,0,0,0
10048,0,1,0
10049,0,1,0
-1,-1,-1,-1
10038,0,0,0
10039,0,1,0
10040,0,2,0
10041,0,0,0
10042,0,0,0
10043,0,0,0
10044,0,0,0
10045,0,0,0
10046,0,0,0
10047,0,0,0
10048,0,1,0
10049,0,1,0
10050,0,1,0
10051,0,1,0
10052,0,1,0
10053,0,1,0
10054,1,1,0
10055,1,1,0
10056,1,1,0
10057,1,1,0
10058,1,1,0
10059,1,1,0
10060,1,1,0
10061,1,1,0
10062,1,2,0
-1,-1,-1,-1
10052,0,1,0
10053,0,1,0
10054,1,1,0
10055,1,1,0
10056,1,1,0
10057,1,1,0
10058,1,1,0
10059,1,1,0
10060,1,1,0
10061,1,1,0
10062,1,2,0
10063,1,0,0
10064,1,0,0
10065,1,0,0
10066,1,0,0
10067,1,0,0
10068,1,1,0
10069,1,1,0
10070,1,1,0
10071,1,1,0
10072,1,1,0
10073,1,1,0
10074,1,1,0
10075,1,1,0
10076,1,1,0
-1,-1,-1,-1
10083,1,1,0
10084,1,1,0
10085,1,1,0
10086,1,1,0
10087,1,1,0
10088,1,1,0
10089,1,1,0
10090,1,1,0
10091,1,1,0
10092,2,2,0
10093,0,1,0
10094,0,2,0
10095,0,0,0
10096,0,0,0
10097,0,0,0
10098,0,0,0
10099,0,0,0
10100,1,1,0
10101,1,1,0
10102,1,2,0
10103,1,0,0
-1,-1,-1,-1
10092,2,2,0
10093,0,1,0
10094,0,2,0
10095,0,0,0
10096,0,0,0
10097,0,0,0
10098,0,0,0
10099,0,0,0
10100,1,1,0
10101,1,1,0
10102,1,2,0
10103,1,0,0
10104,1,0,0
10105,2,0,0
10106,0,0,0
10107,1,0,0
10108,1,0,0
10109,1,0,0
10110,1,1,0
10111,1,1,0
10112,1,1,0
10113,1,1,0
10114,1,1,0
-1,-1,-1,-1
10097,0,0,0
10098,0,0,0
10099,0,0,0
10100,1,1,0
10101,1,1,0
10102,1,2,0
10103,1,0,0
10104,1,0,0
10105,2,0,0
10106,0,0,0
10107,1,0,0
10108,1,0,0
10109,1,0,0
10110,1,1,0
10111,1,1,0
10112,1,1,0
10113,1,1,0
10114,1,1,0
10115,1,1,0
10116,1,1,0
10117,1,1,0
10118,1,1,0
-1,-1,-1,-1
10141,1,1,0
10142,1,1,0
10143,1,1,0
10144,1,1,0
10145,1,1,0
10146,1,1,0
10147,1,1,0
10148,1,1,0
10149,1,1,0
10150,1,1,0
10151,2,1,0
10152,0,1,0
10153,0,1,0
10154,0,1,0
10155,0,1,0
10156,0,1,0
10157,0,1,0
10158,0,1,0
10159,0,1,0
10160,0,1,0
10161,0,1,0
10162,1,1,0
10163,1,1,0
10164,1,1,0
10165,1,1,0
10166,1,1,0
10167,1,1,0
10168,1,1,0
10169,1,1,0
10170,1,1,0
-1,-1,-1,-1
10203,1,1,0
10204,1,1,0
10205,1,1,0
10206,1,1,0
10207,1,1,0
10208,1,1,0
10209,1,1,0
10210,1,1,0
10211,1,1,0
10212,1,1,0
10213,2,1,0
10214,0,1,0
10215,0,1,0
10216,0,1,0
10217,0,1,0
10218,0,1,0
10219,0,1,0
10220,0,1,0
10221,0,1,0
10222,1,1,0
10223,1,1,0
10224,1,1,0
10225,1,1,0
10226,1,1,0
10227,1,1,0
10228,1,1,0
10229,1,1,0
10230,1,1,0
-1,-1,-1,-1
10233,1,1,0
10234,1,1,0
10235,1,1,0
10236,1,1,0
10237,1,1,0
10238,1,1,0
10239,1,1,0
10240,1,1,0
10241,1,1,0
10242,1,1,0
10243,1,2,0
10244,1,0,0
10245,1,0,0
10246,1,1,0
10247,1,1,0
10248,1,1,0
10249,1,1,0
10250,1,1,0
10251,1,1,0
10252,1,1,0
10253,1,1,0
10254,1,1,0
-1,-1,-1,-1
10262,1,1,0
10263,1,1,0
10264,1,1,0
10265,1,1,0
10266,1,1,0
10267,1,1,0
10268,1,1,0
10269,1,1,0
10270,1,1,0
10271,1,1,0
10272,2,1,0
10273,0,1,0
10274,0,1,0
10275,0,1,0
10276,0,1,0
10277,0,1,0
10278,0,1,0
10279,1,1,0
10280,1,1,0
10281,1,1,0
10282,1,1,0
10283,1,1,0
10284,1,1,0
10285,1,1,0
10286,1,1,0
10287,1,1,0
-1,-1,-1,-1
10535,1,1,0
10536,1,1,1
10537,1,1,0
10538,1,1,0
10539,1,1,0
10540,1,1,0
10541,1,1,0
10542,1,1,0
10543,1,1,0
10544,1,1,0
10545,1,2,0
10546,1,0,0
10547,1,0,0
10548,1,1,1
10549,1,1,0
10550,1,1,0
10551,1,1,0
10552,1,1,0
10553,1,1,0
10554,1,1,0
10555,1,1,0
10556,1,1,0
-1,-1,-1,-1
10628,1,1,0
10629,1,1,0
10630,1,1,0
10631,1,1,0
10632,1,1,0
10633,1,1,0
10634,1,1,0
10635,1,1,0
10636,1,1,0
10637,1,1,0
10638,2,1,0
10639,0,1,0
10640,0,1,0
10641,0,1,0
10642,0,1,0
10643,0,1,0
10644,0,1,0
10645,0,1,0
10646,0,1,0
10647,0,1,0
10648,0,1,0
10649,0,1,0
10650,0,1,0
10651,0,1,0
10652,1,1,0
10653,2,1,0
10654,0,1,0
10655,0,1,0
10656,0,2,0
10657,0,0,0
10658,0,0,0
10659,0,0,0
10660,0,0,0
-1,-1,-1,-1
10643,0,1,0
10644,0,1,0
10645,0,1,0
10646,0,1,0
10647,0,1,0
10648,0,1,0
10649,0,1,0
10650,0,1,0
10651,0,1,0
10652,1,1,0
10653,2,1,0
10654,0,1,0
10655,0,1,0
10656,0,2,0
10657,0,0,0
10658,0,0,0
10659,0,0,0
10660,0,0,0
10661,0,0,0
10662,0,0,0
10663,0,0,0
10664,0,0,0
10665,0,0,0
-1,-1,-1,-1
10658,0,0,0
10659,0,0,0
10660,0,0,0
10661,0,0,0
10662,0,0,0
10663,0,0,0
10664,0,0,0
10665,0,0,0
10666,0,0,0
10667,0,0,0
10668,0,1,0
10669,1,1,0
10670,1,1,0
10671,1,1,0
10672,1,1,0
10673,1,1,0
10674,1,1,0
10675,1,1,0
10676,1,1,0
10677,1,1,0
-1,-1,-1,-1
10833,0,0,0
10834,0,0,0
10835,1,1,1
10836,1,1,0
10837,1,1,0
10838,1,1,0
10839,1,1,0
10840,1,1,0
10841,1,1,0
10842,1,1,0
10843,1,2,0
10844,1,0,0
10845,1,1,0
10846,1,1,0
10847,1,1,0
10848,1,1,0
10849,1,1,0
10850,1,1,0
10851,1,1,0
10852,1,1,0
10853,1,1,0
-1,-1,-1,-1
10849,1,1,0
10850,1,1,0
10851,1,1,0
10852,1,1,0
10853,1,1,0
10854,1,1,0
10855,1,1,0
10856,1,1,0
10857,1,1,0
10858,1,1,0
10859,1,2,0
10860,1,0,0
10861,1,1,0
10862,1,1,0
10863,1,1,0
10864,1,1,0
10865,1,1,0
10866,1,1,0
10867,1,1,0
10868,1,1,0
10869,1,1,0
-1,-1,-1,-1
10876,1,1,0
10877,1,1,0
10878,1,1,0
10879,1,1,0
10880,1,1,0
10881,1,1,0
10882,1,1,0
10883,1,1,0
10884,1,1,0
10885,1,1,0
10886,1,2,0
10887,1,0,0
10888,2,0,0
10889,0,0,0
10890,0,0,0
10891,0,0,0
10892,0,0,0
10893,0,0,0
10894,0,0,0
10895,0,0,0
10896,0,0,0
10897,0,0,0
-1,-1,-1,-1
10891,0,0,0
10892,0,0,0
10893,0,0,0
10894,0,0,0
10895,0,0,0
10896,0,0,0
10897,0,0,0
10898,0,0,0
10899,0,0,0
10900,0,0,0
10901,0,1,0
10902,0,1,0
10903,1,1,0
10904,1,1,0
10905,1,1,0
10906,1,1,0
10907,1,1,0
10908,1,1,0
10909,1,1,0
10910,1,1,0
10911,1,1,0
-1,-1,-1,-1
11042,1,1,0
11043,1,1,0
11044,1,1,0
11045,1,1,0
11046,1,1,0
11047,1,1,0
11048,1,1,0
11049,1,1,0
11050,1,1,0
11051,1,1,0
11052,1,2,0
11053,1,0,0
11054,1,1,0
11055,1,1,0
11056,1,1,0
11057,1,1,0
11058,1,1,0
11059,1,1,0
11060,1,1,0
11061,1,1,0
11062,1,1,0
-1,-1,-1,-1
11067,1,1,0
11068,1,1,0
11069,1,1,0
11070,1,1,0
11071,1,1,0
11072,1,1,0
11073,1,1,0
11074,1,1,0
11075,1,1,0
11076,1,1,0
11077,1,2,0
11078,1,0,0
11079,1,1,1
11080,1,1,0
11081,1,1,0
11082,1,1,0
11083,1,1,0
11084,1,1,0
11085,1,2,0
11086,1,1,0
11087,1,1,0
-1,-1,-1,-1
11075,1,1,0
11076,1,1,0
11077,1,2,0
11078,1,0,0
11079,1,1,1
11080,1,1,0
11081,1,1,0
11082,1,1,0
11083,1,1,0
11084,1,1,0
11085,1,2,0
11086,1,1,0
11087,1,1,0
11088,1,1,0
11089,1,1,0
11090,1,1,0
11091,1,1,0
11092,1,1,0
11093,1,1,0
11094,1,1,0
-1,-1,-1,-1
11431,0,0,0
11432,1,1,0
11433,1,1,0
11434,1,1,0
11435,1,1,0
11436,1,1,0
11437,1,1,0
11438,1,1,0
11439,1,1,0
11440,1,1,0
11441,2,1,0
11442,0,1,0
11443,0,2,0
11444,0,0,0
11445,0,0,0
11446,0,0,0
11447,0,0,0
11448,0,0,0
11449,0,0,0
11450,0,0,0
11451,0,0,0
11452,0,0,0
-1,-1,-1,-1
11587,1,1,0
11588,1,1,0
11589,1,1,0
11590,1,1,0
11591,1,1,0
11592,1,1,0
11593,1,1,0
11594,1,1,0
11595,1,1,0
11596,1,1,0
11597,1,2,0
11598,1,0,0
11599,1,0,0
11600,1,0,0
11601,1,0,0
11602,1,1,1
11603,1,1,0
11604,1,1,0
11605,1,1,0
11606,1,2,0
11607,1,0,0
11608,1,0,0
11609,1,1,0
11610,1,1,0
-1,-1,-1,-1
11596,1,1,0
11597,1,2,0
11598,1,0,0
11599,1,0,0
11600,1,0,0
11601,1,0,0
11602,1,1,1
11603,1,1,0
11604,1,1,0
11605,1,1,0
11606,1,2,0
11607,1,0,0
11608,1,0,0
11609,1,1,0
11610,1,1,0
11611,1,1,0
11612,1,1,0
11613,1,1,0
11614,1,1,0
11615,1,1,0
11616,1,1,1
11617,1,1,0
-1,-1,-1,-1
11621,1,1,0
11622,1,1,0
11623,1,1,0
11624,1,1,0
11625,1,1,0
11626,1,1,0
11627,1,1,0
11628,1,1,0
11629,1,1,0
11630,1,1,0
11631,1,2,0
11632,1,1,0
11633,1,1,0
11634,1,2,0
11635,1,0,0
11636,1,0,0
11637,1,0,0
11638,1,1,0
11639,1,1,0
11640,1,1,0
-1,-1,-1,-1
11624,1,1,0
11625,1,1,0
11626,1,1,0
11627,1,1,0
11628,1,1,0
11629,1,1,0
11630,1,1,0
11631,1,2,0
11632,1,1,0
11633,1,1,0
11634,1,2,0
11635,1,0,0
11636,1,0,0
11637,1,0,0
11638,1,1,0
11639,1,1,0
11640,1,1,0
11641,1,1,0
11642,1,1,0
11643,1,1,0
11644,1,2,0
11645,1,1,0
11646,1,1,0
-1,-1,-1,-1
11634,1,2,0
11635,1,0,0
11636,1,0,0
11637,1,0,0
11638,1,1,0
11639,1,1,0
11640,1,1,0
11641,1,1,0
11642,1,1,0
11643,1,1,0
11644,1,2,0
11645,1,1,0
11646,1,1,0
11647,1,1,0
11648,1,1,0
11649,1,1,0
11650,1,1,0
11651,1,1,0
11652,1,1,0
11653,1,1,0
-1,-1,-1,-1
11682,1,1,0
11683,1,1,0
11684,1,1,0
11685,1,1,0
11686,1,1,0
11687,1,1,0
11688,1,1,0
11689,1,1,0
11690,1,1,0
11691,1,1,0
11692,1,2,0
11693,1,0,0
11694,1,0,0
11695,1,1,0
11696,1,1,0
11697,1,1,0
11698,2,2,0
11699,0,0,0
11700,0,0,0
11701,0,0,0
11702,0,0,0
11703,0,0,0
-1,-1,-1,-1
11721,1,1,0
11722,1,1,0
11723,1,1,0
11724,1,1,0
11725,1,1,0
11726,1,1,0
11727,1,1,0
11728,1,1,0
11729,1,1,0
11730,1,1,0
11731,1,2,0
11732,1,1,0
11733,1,1,0
11734,1,1,0
11735,1,1,0
11736,1,1,0
11737,1,1,0
11738,1,1,0
11739,1,1,0
11740,1,1,0
-1,-1,-1,-1
11744,1,1,0
11745,1,1,0
11746,1,1,0
11747,1,1,0
11748,1,1,0
11749,1,1,0
11750,1,1,0
11751,1,1,0
11752,1,1,0
11753,1,1,0
11754,1,2,0
11755,1,0,0
11756,1,1,0
11757,1,1,0
11758,1,1,0
11759,1,1,0
11760,1,1,0
11761,1,1,0
11762,1,1,0
11763,1,1,0
11764,1,1,0
-1,-1,-1,-1
11859,1,1,0
11860,1,1,0
11861,1,1,0
11862,1,1,0
11863,1,1,0
11864,1,1,0
11865,1,1,0
11866,1,1,0
11867,1,1,0
11868,1,1,0
11869,1,2,0
11870,1,1,0
11871,1,1,0
11872,1,1,0
11873,1,1,0
11874,1,1,0
11875,1,1,0
11876,1,1,0
11877,1,1,0
11878,1,1,0
-1,-1,-1,-1
11971,1,1,0
11972,1,1,0
11973,1,1,0
11974,1,1,0
11975,1,1,0
11976,1,1,0
11977,1,1,0
11978,1,1,0
11979,1,1,0
11980,1,1,0
11981,1,2,0
11982,1,0,0
11983,1,0,0
11984,1,1,0
11985,1,1,0
11986,1,1,0
11987,1,1,0
11988,1,1,0
11989,1,1,0
11990,1,1,0
11991,1,1,0
11992,1,1,0
-1,-1,-1,-1
11986,1,1,0
11987,1,1,0
11988,1,1,0
11989,1,1,0
11990,1,1,0
11991,1,1,0
11992,1,1,0
11993,1,1,0
11994,1,1,0
11995,1,1,0
11996,2,1,0
11997,0,1,0
11998,0,1,0
11999,0,1,0
12000,0,1,0
12001,0,1,0
12002,0,1,0
12003,0,1,0
12004,0,1,0
12005,1,1,0
12006,1,1,0
12007,1,1,0
12008,1,1,0
12009,1,1,0
12010,1,1,0
12011,1,1,0
12012,1,1,0
12013,1,1,0
-1,-1,-1,-1
12394,0,0,0
12395,0,0,0
12396,0,0,0
12397,0,0,0
12398,0,0,0
12399,0,0,0
12400,0,0,0
12401,0,0,0
12402,0,0,0
12403,0,0,0
12404,2,0,0
12405,0,0,0
12406,0,0,0
12407,0,0,0
12408,0,0,0
12409,0,0,0
12410,0,0,0
12411,0,0,0
12412,0,0,0
12413,0,0,0
-1,-1,-1,-1
12405,0,0,0
12406,0,0,0
12407,0,0,0
12408,0,0,0
12409,0,0,0
12410,0,0,0
12411,0,0,0
12412,0,0,0
12413,0,0,0
12414,0,0,0
12415,2,0,0
12416,0,0,0
12417,0,0,0
12418,0,0,0
12419,0,0,0
12420,0,0,0
12421,2,0,0
12422,0,0,0
12423,0,0,0
12424,0,0,0
-1,-1,-1,-1
12411,0,0,0
12412,0,0,0
12413,0,0,0
12414,0,0,0
12415,2,0,0
12416,0,0,0
12417,0,0,0
12418,0,0,0
12419,0,0,0
12420,0,0,0
12421,2,0,0
12422,0,0,0
12423,0,0,0
12424,0,0,0
12425,0,0,0
12426,0,0,0
12427,0,0,0
12428,1,1,0
12429,1,1,0
12430,1,1,0
-1,-1,-1,-1
12651,0,0,0
12652,0,0,0
12653,0,0,0
12654,0,0,0
12655,0,0,0
12656,0,0,0
12657,0,0,0
12658,0,0,0
12659,0,0,0
12660,0,0,0
12661,0,1,0
12662,0,1,0
12663,0,1,0
12664,0,1,0
12665,0,1,0
12666,0,1,0
12667,0,1,0
12668,0,1,0
12669,0,1,0
12670,0,1,0
12671,0,1,0
12672,1,1,0
12673,1,1,0
12674,1,1,0
12675,1,1,0
12676,1,1,0
12677,1,1,0
12678,1,1,0
12679,1,1,0
12680,1,1,0
-1,-1,-1,-1
12795,1,1,0
12796,1,1,0
12797,1,1,0
12798,1,1,0
12799,1,1,0
12800,1,1,0
12801,1,1,0
12802,1,1,0
12803,1,1,0
12804,1,1,0
12805,1,2,0
12806,1,0,0
12807,1,0,0
12808,1,0,0
12809,1,0,0
12810,1,0,0
12811,1,0,0
12812,1,0,0
12813,2,0,0
12814,0,0,0
12815,0,0,0
12816,0,0,0
12817,0,0,0
12818,0,0,0
12819,0,0,0
12820,0,0,0
12821,0,0,0
12822,0,0,0
-1,-1,-1,-1
12822,0,0,0
12823,0,0,0
12824,0,0,0
12825,0,0,0
12826,0,0,0
12827,0,0,0
12828,0,0,0
12829,0,0,0
12830,1,1,0
12831,1,1,0
12832,2,1,0
12833,0,1,0
12834,0,1,0
12835,0,2,0
12836,0,0,0
12837,0,0,0
12838,0,0,0
12839,0,0,0
12840,0,0,0
12841,0,0,0
12842,0,0,0
12843,0,0,0
12844,0,0,0
-1,-1,-1,-1
13056,0,0,0
13057,1,1,0
13058,1,1,0
13059,1,1,0
13060,1,1,0
13061,1,1,0
13062,1,1,0
13063,1,1,0
13064,1,1,0
13065,1,1,0
13066,1,2,0
13067,1,0,0
13068,1,0,0
13069,1,1,0
13070,1,1,0
13071,1,1,0
13072,1,1,0
13073,1,1,0
13074,1,1,0
13075,1,1,0
13076,1,1,0
13077,1,1,0
-1,-1,-1,-1
13181,0,0,0
13182,0,0,0
13183,0,0,0
13184,0,0,0
13185,0,0,0
13186,0,0,0
13187,0,0,0
13188,0,0,0
13189,0,0,0
13190,0,0,0
13191,0,1,0
13192,0,1,0
13193,0,1,0
13194,1,1,0
13195,1,1,0
13196,1,1,0
13197,1,1,0
13198,1,1,0
13199,1,1,0
13200,1,1,0
13201,1,1,0
13202,1,1,0
-1,-1,-1,-1
13414,1,1,0
13415,1,1,0
13416,1,1,0
13417,1,1,0
13418,1,1,0
13419,1,1,0
13420,1,1,0
13421,1,1,0
13422,1,1,0
13423,1,1,0
13424,1,2,0
13425,1,0,0
13426,1,0,0
13427,1,1,0
13428,1,1,0
13429,1,1,0
13430,1,1,0
13431,1,1,0
13432,1,1,0
13433,1,1,0
13434,1,1,0
13435,1,1,0
-1,-1,-1,-1
13448,1,1,1
13449,1,1,0
13450,1,1,0
13451,1,1,0
13452,1,1,0
13453,1,1,0
13454,1,1,0
13455,1,1,0
13456,1,1,0
13457,1,1,0
13458,1,2,0
13459,1,0,0
13460,1,0,0
13461,1,0,0
13462,1,1,1
13463,1,1,0
13464,1,1,0
13465,1,1,0
13466,1,1,0
13467,1,1,0
13468,1,1,0
13469,1,1,0
13470,1,1,0
-1,-1,-1,-1
13466,1,1,0
13467,1,1,0
13468,1,1,0
13469,1,1,0
13470,1,1,0
13471,1,1,0
13472,1,1,0
13473,1,1,0
13474,1,1,0
13475,1,1,0
13476,1,2,0
13477,1,0,0
13478,1,0,0
13479,1,0,0
13480,2,0,0
13481,0,0,0
13482,0,0,0
13483,1,1,0
13484,1,1,0
13485,1,1,0
13486,1,1,0
13487,1,1,0
13488,1,1,0
13489,1,1,0
-1,-1,-1,-1
13711,1,1,0
13712,1,1,0
13713,1,1,0
13714,1,1,0
13715,1,1,0
13716,1,1,0
13717,1,1,0
13718,1,1,0
13719,1,1,0
13720,1,1,0
13721,1,2,0
13722,1,0,0
13723,1,0,0
13724,1,0,0
13725,1,1,1
13726,1,1,0
13727,1,1,0
13728,1,1,0
13729,1,1,0
13730,1,1,0
13731,1,1,0
13732,1,1,0
13733,1,1,0
-1,-1,-1,-1
13727,1,1,0
13728,1,1,0
13729,1,1,0
13730,1,1,0
13731,1,1,0
13732,1,1,0
13733,1,1,0
13734,1,1,0
13735,1,1,0
13736,1,1,0
13737,2,1,0
13738,0,1,0
13739,0,2,0
13740,0,0,0
13741,0,0,0
13742,0,0,0
13743,0,0,0
13744,0,0,0
13745,1,1,0
13746,1,1,0
13747,1,1,0
13748,1,1,0
-1,-1,-1,-1
13777,0,0,0
13778,0,0,0
13779,0,0,0
13780,0,0,0
13781,0,0,0
13782,0,0,0
13783,0,0,0
13784,0,0,0
13785,0,0,0
13786,0,0,0
13787,1,0,0
13788,1,0,0
13789,1,0,0
13790,1,0,0
13791,1,0,0
13792,1,1,0
13793,1,1,0
13794,2,1,0
13795,0,1,0
13796,0,1,0
13797,0,2,0
13798,0,0,0
13799,0,0,0
13800,0,0,0
-1,-1,-1,-1
13784,0,0,0
13785,0,0,0
13786,0,0,0
13787,1,0,0
13788,1,0,0
13789,1,0,0
13790,1,0,0
13791,1,0,0
13792,1,1,0
13793,1,1,0
13794,2,1,0
13795,0,1,0
13796,0,1,0
13797,0,2,0
13798,0,0,0
13799,0,0,0
13800,0,0,0
13801,0,0,0
13802,0,0,0
13803,0,0,0
13804,0,0,0
13805,0,0,0
13806,0,0,0
-1,-1,-1,-1
13920,1,1,0
13921,1,1,0
13922,1,1,0
13923,1,1,0
13924,1,1,0
13925,1,1,0
13926,1,1,0
13927,1,1,0
13928,1,1,0
13929,1,1,0
13930,1,2,0
13931,1,0,0
13932,1,0,0
13933,1,0,0
13934,1,0,0
13935,1,0,0
13936,1,0,0
13937,1,1,0
13938,1,1,0
13939,1,1,0
13940,1,1,0
13941,1,1,0
13942,1,1,0
13943,1,1,0
13944,1,1,0
13945,1,1,0
-1,-1,-1,-1
13950,1,1,0
13951,1,1,0
13952,1,1,0
13953,1,1,0
13954,1,1,0
13955,1,1,0
13956,1,1,0
13957,1,1,0
13958,1,1,0
13959,1,1,0
13960,1,2,0
13961,1,0,0
13962,1,0,0
13963,1,0,0
13964,1,1,1
13965,1,1,0
13966,1,1,0
13967,1,1,0
13968,1,1,0
13969,1,1,0
13970,2,2,0
13971,0,0,0
13972,0,0,0
-1,-1,-1,-1
14001,1,1,0
14002,2,2,0
14003,0,0,0
14004,0,0,0
14005,0,0,0
14006,0,0,0
14007,0,0,0
14008,0,0,0
14009,0,0,0
14010,0,0,0
14011,2,0,0
14012,0,0,0
14013,0,0,0
14014,0,0,0
14015,0,0,0
14016,0,0,0
14017,0,0,0
14018,0,0,0
14019,1,1,0
14020,1,1,0
-1,-1,-1,-1
14197,1,1,0
14198,1,1,0
14199,1,1,0
14200,1,1,0
14201,1,1,0
14202,1,1,0
14203,1,1,0
14204,1,1,0
14205,1,1,0
14206,1,1,0
14207,1,2,0
14208,1,0,0
14209,1,0,0
14210,1,0,0
14211,1,0,0
14212,1,0,0
14213,1,0,0
14214,1,0,0
14215,1,1,1
14216,1,1,0
14217,1,1,0
14218,1,1,0
14219,1,1,0
14220,1,1,0
14221,1,1,0
14222,1,1,0
14223,1,1,0
-1,-1,-1,-1
14225,2,2,0
14226,0,0,0
14227,0,0,0
14228,0,0,0
14229,0,0,0
14230,0,0,0
14231,0,0,0
14232,0,0,0
14233,0,0,0
14234,0,0,0
14235,1,0,0
14236,1,1,0
14237,1,1,0
14238,1,1,0
14239,1,1,0
14240,1,1,0
14241,1,1,0
14242,1,1,0
14243,1,1,0
14244,1,1,0
-1,-1,-1,-1
14256,1,1,0
14257,1,1,0
14258,1,1,0
14259,1,1,0
14260,1,1,0
14261,1,1,0
14262,1,1,0
14263,1,1,0
14264,1,1,0
14265,1,1,0
14266,1,2,0
14267,1,0,0
14268,1,0,0
14269,1,1,0
14270,1,1,0
14271,1,1,0
14272,1,1,0
14273,1,1,0
14274,1,1,0
14275,1,1,0
14276,1,1,0
14277,1,1,0
-1,-1,-1,-1
14281,1,1,0
14282,1,1,0
14283,2,2,0
14284,0,0,0
14285,0,0,0
14286,0,0,0
14287,0,0,0
14288,0,0,0
14289,0,0,0
14290,0,0,0
14291,2,0,0
14292,0,0,0
14293,0,0,0
14294,0,0,0
14295,0,0,0
14296,1,1,0
14297,1,1,0
14298,1,1,0
14299,1,1,0
14300,1,1,0
-1,-1,-1,-1
14429,1,1,0
14430,1,1,0
14431,2,2,0
14432,0,0,0
14433,0,0,0
14434,0,0,0
14435,0,0,0
14436,0,0,0
14437,0,0,0
14438,0,0,0
14439,0,1,0
14440,1,1,0
14441,1,1,0
14442,1,1,0
14443,1,1,0
14444,1,1,0
14445,1,1,0
14446,1,1,0
14447,1,1,0
14448,1,1,0
-1,-1,-1,-1
14606,1,1,0
14607,1,1,0
14608,1,1,0
14609,2,2,0
14610,0,0,0
14611,0,0,0
14612,0,0,0
14613,0,0,0
14614,0,0,0
14615,1,1,1
14616,1,2,0
14617,1,0,0
14618,1,0,0
14619,1,0,0
14620,1,0,0
14621,1,0,0
14622,1,1,0
14623,1,1,0
14624,1,1,0
14625,1,1,0
14626,1,1,0
14627,1,1,0
14628,1,1,0
14629,1,1,0
14630,1,1,0
-1,-1,-1,-1
14752,1,1,0
14753,1,1,0
14754,1,1,0
14755,1,1,0
14756,1,1,0
14757,2,2,0
14758,0,0,0
14759,0,0,0
14760,0,0,0
14761,0,0,0
14762,1,0,0
14763,1,0,0
14764,1,0,0
14765,1,0,0
14766,1,0,0
14767,1,0,0
14768,1,0,0
14769,1,0,0
14770,1,0,0
14771,1,0,0
14772,1,1,0
14773,1,1,0
14774,1,1,0
14775,1,1,0
14776,1,1,0
14777,1,1,0
14778,1,1,0
14779,1,1,0
14780,1,1,0
-1,-1,-1,-1
14901,0,0,0
14902,0,0,0
14903,0,0,0
14904,0,0,0
14905,1,1,1
14906,1,1,0
14907,1,1,0
14908,1,1,0
14909,1,1,0
14910,1,1,0
14911,1,2,0
14912,1,0,0
14913,1,0,0
14914,1,1,0
14915,1,1,0
14916,1,1,0
14917,1,1,0
14918,1,1,0
14919,1,1,0
14920,1,1,0
14921,1,1,0
14922,1,1,0
-1,-1,-1,-1
14913,1,0,0
14914,1,1,0
14915,1,1,0
14916,1,1,0
14917,1,1,0
14918,1,1,0
14919,1,1,0
14920,1,1,0
14921,1,1,0
14922,1,1,0
14923,1,2,0
14924,1,1,0
14925,1,1,0
14926,2,2,0
14927,0,0,0
14928,0,0,0
14929,0,0,0
14930,0,0,0
14931,1,1,0
14932,1,1,0
-1,-1,-1,-1
14936,1,1,0
14937,1,1,0
14938,1,1,0
14939,1,1,0
14940,1,1,0
14941,1,1,0
14942,1,1,0
14943,1,1,0
14944,1,1,0
14945,1,1,0
14946,2,1,0
14947,0,1,0
14948,1,1,0
14949,1,1,0
14950,1,1,0
14951,1,1,0
14952,1,1,0
14953,1,1,0
14954,1,1,0
14955,1,1,0
14956,1,1,0
-1,-1,-1,-1
15025,0,0,0
15026,0,0,0
15027,0,0,0
15028,0,0,0
15029,0,0,0
15030,0,0,0
15031,0,0,0
15032,0,0,0
15033,0,0,0
15034,0,0,0
15035,1,0,0
15036,1,1,0
15037,1,1,0
15038,1,1,0
15039,1,1,0
15040,1,1,0
15041,1,1,0
15042,1,1,0
15043,1,1,0
15044,1,1,0
-1,-1,-1,-1
15353,1,1,0
15354,1,1,0
15355,1,1,0
15356,1,1,0
15357,1,1,0
15358,1,1,0
15359,1,1,0
15360,1,1,0
15361,1,1,0
15362,1,1,0
15363,2,1,0
15364,0,1,0
15365,0,1,0
15366,0,1,0
15367,0,1,0
15368,0,1,0
15369,0,1,0
15370,0,1,0
15371,0,1,0
15372,0,1,0
15373,0,1,0
15374,0,1,0
15375,0,1,0
15376,0,1,0
15377,0,1,0
15378,0,1,0
15379,0,1,0
15380,0,1,0
15381,0,1,0
15382,0,1,0
15383,0,1,0
15384,0,1,0
15385,0,1,0
15386,0,1,0
15387,0,1,0
15388,0,1,0
15389,0,1,0
15390,0,1,0
15391,0,1,0
15392,0,1,0
15393,0,1,0
15394,0,1,0
15395,0,1,0
15396,1,1,0
15397,1,1,0
15398,1,1,0
15399,1,1,0
15400,1,1,0
15401,1,1,0
15402,1,1,0
15403,1,1,0
15404,1,1,0
-1,-1,-1,-1
15597,1,1,0
15598,1,1,0
15599,1,1,0
15600,1,1,0
15601,1,1,0
15602,1,1,0
15603,1,1,0
15604,1,1,0
15605,1,1,0
15606,1,1,0
15607,2,1,0
15608,0,1,0
15609,0,1,0
15610,0,1,0
15611,1,1,0
15612,1,1,0
15613,1,1,0
15614,1,1,0
15615,2,1,0
15616,0,2,0
15617,0,0,0
15618,0,0,0
15619,0,0,0
-1,-1,-1,-1
15605,1,1,0
15606,1,1,0
15607,2,1,0
15608,0,1,0
15609,0,1,0
15610,0,1,0
15611,1,1,0
15612,1,1,0
15613,1,1,0
15614,1,1,0
15615,2,1,0
15616,0,2,0
15617,0,0,0
15618,0,0,0
15619,0,0,0
15620,0,0,0
15621,0,0,0
15622,0,0,0
15623,0,0,0
15624,0,0,0
15625,0,0,0
-1,-1,-1,-1
15660,1,1,0
15661,1,1,0
15662,1,1,0
15663,1,1,0
15664,1,1,0
15665,1,1,0
15666,1,1,0
15667,1,1,0
15668,1,1,0
15669,1,1,0
15670,1,2,0
15671,1,0,0
15672,1,1,0
15673,1,1,0
15674,1,1,0
15675,1,1,0
15676,1,1,0
15677,1,1,0
15678,1,1,0
15679,1,1,0
15680,1,1,0
-1,-1,-1,-1
15825,1,1,0
15826,1,1,0
15827,1,1,0
15828,1,1,0
15829,1,1,0
15830,1,1,0
15831,1,1,0
15832,1,1,0
15833,1,1,0
15834,1,1,0
15835,1,2,0
15836,1,1,0
15837,1,1,0
15838,1,1,0
15839,1,1,0
15840,1,1,0
15841,1,1,0
15842,1,1,0
15843,1,1,0
15844,1,1,0
-1,-1,-1,-1
15944,1,1,0
15945,1,1,0
15946,1,1,0
15947,1,1,0
15948,1,1,0
15949,1,1,0
15950,1,1,0
15951,1,1,0
15952,1,1,0
15953,1,1,0
15954,2,1,0
15955,0,1,0
15956,0,1,0
15957,0,1,0
15958,0,1,0
15959,0,1,0
15960,0,1,0
15961,0,1,0
15962,1,1,0
15963,1,1,0
15964,1,1,0
15965,1,1,0
15966,1,1,0
15967,1,1,0
15968,1,1,0
15969,1,1,0
15970,1,1,0
-1,-1,-1,-1
16066,0,0,0
16067,1,1,1
16068,1,1,0
16069,1,1,0
16070,1,1,0
16071,1,1,0
16072,1,1,0
16073,1,1,0
16074,1,1,0
16075,1,1,0
16076,1,2,0
16077,1,0,0
16078,1,0,0
16079,1,0,0
16080,1,0,0
16081,1,0,0
16082,1,1,0
16083,1,1,0
16084,1,1,0
16085,1,1,0
16086,1,1,0
16087,1,1,0
16088,1,1,0
16089,1,1,0
16090,1,1,0
-1,-1,-1,-1
16250,1,1,0
16251,1,1,0
16252,1,1,0
16253,1,1,0
16254,1,1,0
16255,1,1,0
16256,1,1,0
16257,1,1,0
16258,1,1,0
16259,1,1,0
16260,1,2,0
16261,1,0,0
16262,1,0,0
16263,1,1,1
16264,1,1,0
16265,1,1,0
16266,1,1,0
16267,1,1,0
16268,1,1,0
16269,1,1,0
16270,1,1,0
16271,1,1,0
-1,-1,-1,-1
16399,0,0,0
16400,0,0,0
16401,0,0,0
16402,0,0,0
16403,0,0,0
16404,0,0,0
16405,0,0,0
16406,0,0,0
16407,0,0,0
16408,0,0,0
16409,1,0,0
16410,1,0,0
16411,1,0,0
16412,1,0,0
16413,1,0,0
16414,1,0,0
16415,2,0,0
16416,0,0,0
16417,0,0,0
16418,2,0,0
16419,0,0,0
16420,0,0,0
16421,0,0,0
16422,0,0,0
16423,0,0,0
16424,0,0,0
-1,-1,-1,-1
16408,0,0,0
16409,1,0,0
16410,1,0,0
16411,1,0,0
16412,1,0,0
16413,1,0,0
16414,1,0,0
16415,2,0,0
16416,0,0,0
16417,0,0,0
16418,2,0,0
16419,0,0,0
16420,0,0,0
16421,0,0,0
16422,0,0,0
16423,0,0,0
16424,0,0,0
16425,0,0,0
16426,1,0,0
16427,1,0,0
-1,-1,-1,-1
16416,0,0,0
16417,0,0,0
16418,2,0,0
16419,0,0,0
16420,0,0,0
16421,0,0,0
16422,0,0,0
16423,0,0,0
16424,0,0,0
16425,0,0,0
16426,1,0,0
16427,1,0,0
16428,1,0,0
16429,1,0,0
16430,1,0,0
16431,1,0,0
16432,1,1,0
16433,1,1,0
16434,1,1,0
16435,1,1,0
16436,1,1,0
16437,1,1,0
16438,1,1,0
16439,1,1,0
16440,1,1,0
-1,-1,-1,-1
16498,1,1,0
16499,1,1,0
16500,1,1,0
16501,1,1,0
16502,1,1,0
16503,1,1,0
16504,1,1,0
16505,1,1,0
16506,1,1,0
16507,1,1,0
16508,1,2,0
16509,1,0,0
16510,1,0,0
16511,1,0,0
16512,1,0,0
16513,1,0,0
16514,1,0,0
16515,1,0,0
16516,1,0,0
16517,1,1,0
16518,1,1,0
16519,1,1,0
16520,1,1,0
16521,1,1,0
16522,1,1,0
16523,1,1,0
16524,1,1,0
16525,1,1,0
-1,-1,-1,-1
16604,1,1,0
16605,1,1,0
16606,1,1,0
16607,1,1,0
16608,1,1,0
16609,1,1,0
16610,1,1,0
16611,1,1,0
16612,1,1,0
16613,1,1,0
16614,1,2,0
16615,1,0,0
16616,1,0,0
16617,1,0,0
16618,1,0,0
16619,1,0,0
16620,1,0,0
16621,1,0,0
16622,1,1,0
16623,1,1,0
16624,2,2,0
16625,0,0,0
16626,0,0,0
16627,0,0,0
16628,0,0,0
16629,0,0,0
16630,0,0,0
-1,-1,-1,-1
16908,1,1,0
16909,1,1,0
16910,1,1,0
16911,1,1,0
16912,1,1,0
16913,1,1,0
16914,1,1,0
16915,1,1,0
16916,1,1,0
16917,1,1,0
16918,1,2,0
16919,1,0,0
16920,1,0,0
16921,1,1,1
16922,1,1,0
16923,1,1,0
16924,1,1,0
16925,1,1,0
16926,1,1,0
16927,1,1,0
16928,1,1,0
16929,1,1,0
-1,-1,-1,-1
16958,1,1,0
16959,1,1,0
16960,1,1,0
16961,1,1,0
16962,1,1,0
16963,1,1,0
16964,1,1,0
16965,1,1,0
16966,1,1,0
16967,1,1,0
16968,2,1,0
16969,0,1,0
16970,0,1,0
16971,0,1,0
16972,0,1,0
16973,1,1,0
16974,1,1,0
16975,1,1,0
16976,1,1,0
16977,1,1,0
16978,1,1,0
16979,1,1,0
16980,1,1,0
16981,1,1,0
-1,-1,-1,-1
16985,1,1,0
16986,1,1,0
16987,1,1,0
16988,1,1,0
16989,1,1,0
16990,1,1,0
16991,1,1,0
16992,1,1,0
16993,1,1,0
16994,1,1,0
16995,1,2,0
16996,1,0,0
16997,1,0,0
16998,1,0,0
16999,1,1,0
17000,1,1,0
17001,1,1,0
17002,1,1,0
17003,1,1,0
17004,1,1,0
17005,1,1,0
17006,1,1,0
17007,1,1,0
-1,-1,-1,-1
17128,0,0,0
17129,0,0,0
17130,0,0,0
17131,0,0,0
17132,1,1,0
17133,1,1,0
17134,1,1,0
17135,1,1,0
17136,1,1,0
17137,1,1,0
17138,1,2,1
17139,1,0,0
17140,1,0,0
17141,1,0,0
17142,1,0,0
17143,1,0,0
17144,1,0,0
17145,1,1,0
17146,1,1,0
17147,1,1,0
17148,1,1,0
17149,1,1,0
17150,1,1,0
17151,1,1,0
17152,1,1,0
17153,1,1,0
-1,-1,-1,-1
17224,1,1,0
17225,1,1,0
17226,1,1,0
17227,1,1,0
17228,1,1,0
17229,1,1,0
17230,1,1,0
17231,1,1,0
17232,1,1,0
17233,1,1,0
17234,1,2,0
17235,1,0,0
17236,1,0,0
17237,1,0,0
17238,1,0,0
17239,1,0,0
17240,1,0,0
17241,1,0,0
17242,2,0,0
17243,0,0,0
17244,0,0,0
17245,0,0,0
17246,0,0,0
17247,0,0,0
17248,1,1,0
17249,1,1,0
17250,1,1,0
17251,1,1,0
-1,-1,-1,-1
17582,1,1,0
17583,1,1,0
17584,1,1,0
17585,1,1,0
17586,1,1,0
17587,1,1,0
17588,1,1,0
17589,1,1,0
17590,1,1,0
17591,1,1,0
17592,1,2,0
17593,1,0,0
17594,1,0,0
17595,1,0,0
17596,1,0,0
17597,1,0,0
17598,1,0,0
17599,1,0,0
17600,1,1,1
17601,1,1,0
17602,1,1,0
17603,1,1,0
17604,2,1,0
17605,0,1,0
17606,0,1,0
17607,0,1,0
17608,0,1,0
-1,-1,-1,-1
17594,1,0,0
17595,1,0,0
17596,1,0,0
17597,1,0,0
17598,1,0,0
17599,1,0,0
17600,1,1,1
17601,1,1,0
17602,1,1,0
17603,1,1,0
17604,2,1,0
17605,0,1,0
17606,0,1,0
17607,0,1,0
17608,0,1,0
17609,0,1,0
17610,1,1,0
17611,1,1,0
17612,1,1,0
17613,1,2,0
17614,1,0,0
17615,2,2,1
17616,0,0,0
17617,0,0,0
17618,0,0,0
-1,-1,-1,-1
17603,1,1,0
17604,2,1,0
17605,0,1,0
17606,0,1,0
17607,0,1,0
17608,0,1,0
17609,0,1,0
17610,1,1,0
17611,1,1,0
17612,1,1,0
17613,1,2,0
17614,1,0,0
17615,2,2,1
17616,0,0,0
17617,0,0,0
17618,0,0,0
17619,0,0,0
17620,0,0,0
17621,0,0,0
17622,0,0,0
17623,0,0,0
-1,-1,-1,-1
17768,1,1,0
17769,1,1,0
17770,1,1,0
17771,1,1,0
17772,1,1,0
17773,1,1,0
17774,1,1,0
17775,1,1,0
17776,1,1,0
17777,1,1,0
17778,1,2,0
17779,1,0,0
17780,1,1,0
17781,1,1,0
17782,1,1,0
17783,1,1,0
17784,1,1,0
17785,1,1,0
17786,1,1,0
17787,1,1,0
17788,1,1,0
-1,-1,-1,-1
17779,1,0,0
17780,1,1,0
17781,1,1,0
17782,1,1,0
17783,1,1,0
17784,1,1,0
17785,1,1,0
17786,1,1,0
17787,1,1,0
17788,1,1,0
17789,1,2,0
17790,1,0,0
17791,1,1,1
17792,1,1,0
17793,1,1,0
17794,1,1,0
17795,1,1,0
17796,1,1,0
17797,1,1,0
17798,1,1,0
17799,2,2,0
-1,-1,-1,-1
17904,0,0,0
17905,0,0,0
17906,0,0,0
17907,0,0,0
17908,0,0,0
17909,0,0,0
17910,0,0,0
17911,0,0,0
17912,0,0,0
17913,0,0,0
17914,0,1,0
17915,0,1,0
17916,0,1,0
17917,1,1,0
17918,1,1,0
17919,1,1,0
17920,1,1,0
17921,1,1,0
17922,1,1,0
17923,1,1,0
17924,1,1,0
17925,1,1,0
-1,-1,-1,-1
18119,1,1,0
18120,1,1,0
18121,1,1,0
18122,1,1,0
18123,1,1,0
18124,1,1,0
18125,1,1,0
18126,1,1,0
18127,1,1,0
18128,1,1,0
18129,2,1,0
18130,0,1,0
18131,0,1,0
18132,0,1,0
18133,0,1,0
18134,1,1,0
18135,1,1,0
18136,1,1,0
18137,1,1,0
18138,1,1,0
18139,1,1,0
18140,1,1,0
18141,1,1,0
18142,1,1,0
-1,-1,-1,-1
18137,1,1,0
18138,1,1,0
18139,1,1,0
18140,1,1,0
18141,1,1,0
18142,1,1,0
18143,1,1,0
18144,1,1,0
18145,1,1,0
18146,1,1,0
18147,2,1,0
18148,0,1,0
18149,0,1,0
18150,0,1,0
18151,0,1,0
18152,0,1,0
18153,0,1,0
18154,1,1,0
18155,1,1,0
18156,1,1,0
18157,1,1,0
18158,1,1,0
18159,1,1,0
18160,1,1,0
18161,1,1,0
18162,1,1,0
-1,-1,-1,-1
18413,1,1,0
18414,1,1,0
18415,1,1,0
18416,1,1,0
18417,1,1,0
18418,1,1,0
18419,1,1,0
18420,1,1,0
18421,1,1,0
18422,1,1,0
18423,1,2,0
18424,1,0,0
18425,1,0,0
18426,1,0,0
18427,1,0,0
18428,1,0,0
18429,1,0,0
18430,1,0,0
18431,1,1,1
18432,1,1,0
18433,1,1,0
18434,1,1,0
18435,2,2,0
18436,0,0,0
18437,0,0,0
18438,0,0,0
18439,0,0,0
-1,-1,-1,-1
18511,1,1,0
18512,1,1,0
18513,1,1,0
18514,1,1,0
18515,1,1,0
18516,1,1,0
18517,1,1,0
18518,1,1,0
18519,1,1,0
18520,1,1,0
18521,1,2,0
18522,1,1,0
18523,1,1,0
18524,1,1,0
18525,1,1,0
18526,1,1,0
18527,1,1,0
18528,1,1,0
18529,1,1,0
18530,1,1,0
-1,-1,-1,-1
18885,0,0,0
18886,0,0,0
18887,0,0,0
18888,0,0,0
18889,0,0,0
18890,0,0,0
18891,0,0,0
18892,0,0,0
18893,0,0,0
18894,0,0,0
18895,0,1,0
18896,0,1,0
18897,0,1,0
18898,0,1,0
18899,0,1,0
18900,0,1,0
18901,0,1,0
18902,0,1,0
18903,0,1,0
18904,0,1,0
18905,0,1,0
18906,0,1,0
18907,0,1,0
18908,1,1,0
18909,1,1,0
18910,1,1,0
18911,1,1,0
18912,1,1,0
18913,1,1,0
18914,1,1,0
18915,1,1,0
18916,1,1,0
-1,-1,-1,-1
18929,1,1,0
18930,1,1,0
18931,1,1,0
18932,1,1,0
18933,1,1,0
18934,1,1,0
18935,1,1,0
18936,1,1,0
18937,1,1,0
18938,1,1,0
18939,2,1,0
18940,0,1,0
18941,1,1,0
18942,1,1,0
18943,1,1,0
18944,1,1,0
18945,1,1,0
18946,1,1,0
18947,1,1,0
18948,1,1,0
18949,1,1,0
-1,-1,-1,-1
19176,1,1,0
19177,1,1,0
19178,1,1,0
19179,1,1,0
19180,1,1,0
19181,2,2,0
19182,0,0,0
19183,0,0,0
19184,0,0,0
19185,0,0,0
19186,0,1,0
19187,0,1,0
19188,0,1,0
19189,1,1,0
19190,1,1,0
19191,1,1,0
19192,1,1,0
19193,1,2,0
19194,1,0,0
19195,1,0,0
19196,1,0,0
19197,1,0,0
-1,-1,-1,-1
19183,0,0,0
19184,0,0,0
19185,0,0,0
19186,0,1,0
19187,0,1,0
19188,0,1,0
19189,1,1,0
19190,1,1,0
19191,1,1,0
19192,1,1,0
19193,1,2,0
19194,1,0,0
19195,1,0,0
19196,1,0,0
19197,1,0,0
19198,1,1,0
19199,1,1,0
19200,1,1,0
19201,1,1,0
19202,1,1,0
19203,1,1,0
19204,1,1,0
19205,1,1,0
19206,1,1,0
-1,-1,-1,-1
19662,0,0,0
19663,0,0,0
19664,0,0,0
19665,0,0,0
19666,0,0,0
19667,1,1,1
19668,1,1,0
19669,1,1,0
19670,1,1,0
19671,1,1,0
19672,1,2,0
19673,1,0,0
19674,1,1,0
19675,1,1,0
19676,1,1,0
19677,1,1,0
19678,1,1,0
19679,1,1,0
19680,1,1,0
19681,1,1,0
19682,1,1,0
-1,-1,-1,-1
19838,1,1,0
19839,1,1,0
19840,1,1,0
19841,1,1,0
19842,1,1,0
19843,1,1,0
19844,1,1,0
19845,1,1,0
19846,1,1,0
19847,1,1,0
19848,2,1,0
19849,0,1,0
19850,0,1,0
19851,0,1,0
19852,0,1,0
19853,0,1,0
19854,0,1,0
19855,0,1,0
19856,0,1,0
19857,0,1,0
19858,0,1,0
19859,0,1,0
19860,0,1,0
19861,0,1,0
19862,1,1,0
19863,1,1,0
19864,1,1,0
19865,1,1,0
19866,1,1,0
19867,1,1,0
19868,1,1,0
19869,1,1,0
19870,1,1,0
-1,-1,-1,-1
20007,0,0,0
20008,1,1,1
20009,1,1,0
20010,1,1,0
20011,1,1,0
20012,1,1,0
20013,1,1,0
20014,1,1,0
20015,1,1,0
20016,1,1,0
20017,1,2,0
20018,1,0,0
20019,1,1,0
20020,1,1,0
20021,1,1,0
20022,1,1,0
20023,1,1,0
20024,1,1,0
20025,1,1,0
20026,1,1,0
20027,1,1,0
-1,-1,-1,-1
20176,1,1,0
20177,1,1,0
20178,1,1,0
20179,1,1,0
20180,1,1,0
20181,1,1,0
20182,1,1,0
20183,1,1,0
20184,1,1,0
20185,1,1,0
20186,2,1,0
20187,0,1,0
20188,0,1,0
20189,0,1,0
20190,0,1,0
20191,1,1,0
20192,1,1,0
20193,1,1,0
20194,1,1,0
20195,1,1,0
20196,1,1,0
20197,1,1,0
20198,1,1,0
20199,1,1,0
-1,-1,-1,-1
20312,1,1,0
20313,1,1,0
20314,1,1,0
20315,1,1,0
20316,1,1,0
20317,1,1,0
20318,1,1,0
20319,1,1,0
20320,1,1,0
20321,1,1,0
20322,1,2,0
20323,1,1,0
20324,1,1,0
20325,1,1,0
20326,1,1,0
20327,1,1,0
20328,1,1,0
20329,1,1,0
20330,1,1,0
20331,1,1,0
-1,-1,-1,-1
20342,1,1,0
20343,1,1,0
20344,1,1,0
20345,1,1,0
20346,1,1,0
20347,1,1,0
20348,1,1,0
20349,1,1,0
20350,1,1,0
20351,1,1,0
20352,1,2,1
20353,1,0,0
20354,1,1,0
20355,1,1,0
20356,1,1,0
20357,1,1,0
20358,1,1,0
20359,1,1,0
20360,1,1,0
20361,1,1,0
20362,1,1,0
-1,-1,-1,-1
20430,1,1,0
20431,1,1,0
20432,1,1,0
20433,1,1,0
20434,1,1,0
20435,1,1,0
20436,1,1,0
20437,1,1,0
20438,1,1,0
20439,1,1,0
20440,2,1,0
20441,0,1,0
20442,0,2,0
20443,0,0,0
20444,0,0,0
20445,0,0,0
20446,0,0,0
20447,0,0,0
20448,0,0,0
20449,0,0,0
20450,0,1,0
20451,0,1,0
-1,-1,-1,-1
20440,2,1,0
20441,0,1,0
20442,0,2,0
20443,0,0,0
20444,0,0,0
20445,0,0,0
20446,0,0,0
20447,0,0,0
20448,0,0,0
20449,0,0,0
20450,0,1,0
20451,0,1,0
20452,0,1,0
20453,0,1,0
20454,0,1,0
20455,0,1,0
20456,0,1,0
20457,0,1,0
20458,0,1,0
20459,0,1,0
20460,0,1,0
20461,2,2,0
20462,0,0,0
20463,0,0,0
20464,0,0,0
20465,0,0,0
20466,0,0,0
20467,0,0,0
20468,0,0,0
20469,0,0,0
-1,-1,-1,-1
20489,0,0,0
20490,0,0,0
20491,1,1,0
20492,1,1,0
20493,1,1,0
20494,1,1,0
20495,1,1,0
20496,1,1,0
20497,1,1,0
20498,1,1,0
20499,2,1,0
20500,0,1,0
20501,0,1,0
20502,0,1,0
20503,0,1,0
20504,0,1,0
20505,0,1,0
20506,0,1,0
20507,0,1,0
20508,0,1,0
20509,0,1,0
20510,0,1,0
20511,0,1,0
20512,0,1,0
20513,0,1,0
20514,0,1,0
20515,0,1,0
20516,0,1,0
20517,0,1,0
20518,0,1,0
20519,1,1,0
20520,1,1,0
20521,2,1,0
20522,0,1,0
20523,0,1,0
20524,0,1,0
20525,1,1,0
20526,1,1,0
20527,1,1,0
-1,-1,-1,-1
20511,0,1,0
20512,0,1,0
20513,0,1,0
20514,0,1,0
20515,0,1,0
20516,0,1,0
20517,0,1,0
20518,0,1,0
20519,1,1,0
20520,1,1,0
20521,2,1,0
20522,0,1,0
20523,0,1,0
20524,0,1,0
20525,1,1,0
20526,1,1,0
20527,1,1,0
20528,1,1,0
20529,1,1,0
20530,1,1,0
20531,1,1,0
20532,1,1,0
20533,1,1,0
-1,-1,-1,-1
20612,1,1,0
20613,1,1,0
20614,1,1,0
20615,1,1,0
20616,1,1,0
20617,1,1,0
20618,1,1,0
20619,1,1,0
20620,1,1,0
20621,1,1,0
20622,2,1,0
20623,0,1,0
20624,0,1,0
20625,0,1,0
20626,1,1,0
20627,1,1,0
20628,1,1,0
20629,1,1,0
20630,1,1,0
20631,1,1,0
20632,1,1,0
20633,1,1,0
20634,1,1,0
-1,-1,-1,-1
20714,1,1,0
20715,1,1,0
20716,1,1,0
20717,1,1,0
20718,1,1,0
20719,1,1,0
20720,1,1,0
20721,1,1,0
20722,1,1,0
20723,1,1,0
20724,2,1,0
20725,0,1,0
20726,0,1,0
20727,0,1,0
20728,0,1,0
20729,1,1,0
20730,1,1,0
20731,1,1,0
20732,1,1,0
20733,1,1,0
20734,1,2,0
20735,1,0,0
20736,1,1,0
20737,1,1,0
-1,-1,-1,-1
20724,2,1,0
20725,0,1,0
20726,0,1,0
20727,0,1,0
20728,0,1,0
20729,1,1,0
20730,1,1,0
20731,1,1,0
20732,1,1,0
20733,1,1,0
20734,1,2,0
20735,1,0,0
20736,1,1,0
20737,1,1,0
20738,1,1,0
20739,1,1,0
20740,1,1,0
20741,1,1,0
20742,1,1,0
20743,1,1,0
20744,1,1,0
-1,-1,-1,-1
20767,1,1,0
20768,1,1,0
20769,1,1,0
20770,1,1,0
20771,1,1,0
20772,1,1,0
20773,1,1,0
20774,1,1,0
20775,1,1,0
20776,1,1,0
20777,1,2,0
20778,1,0,0
20779,1,0,0
20780,1,0,0
20781,1,1,0
20782,1,1,0
20783,1,1,0
20784,1,1,0
20785,1,1,0
20786,1,1,0
20787,1,1,0
20788,1,1,0
20789,1,1,0
-1,-1,-1,-1
20844,1,1,0
20845,1,1,0
20846,1,1,0
20847,1,1,0
20848,1,1,0
20849,1,1,0
20850,1,1,0
20851,1,1,0
20852,1,1,0
20853,1,1,0
20854,1,2,0
20855,1,0,0
20856,1,0,0
20857,1,0,0
20858,1,0,0
20859,2,0,0
20860,0,0,0
20861,0,0,0
20862,0,0,0
20863,0,0,0
20864,0,0,0
20865,0,0,0
20866,0,0,0
20867,0,0,0
20868,0,0,0
-1,-1,-1,-1
21045,1,1,0
21046,1,1,0
21047,1,1,0
21048,1,1,0
21049,1,1,0
21050,1,1,0
21051,1,1,0
21052,1,1,0
21053,1,1,0
21054,1,1,0
21055,1,2,0
21056,1,0,0
21057,1,0,0
21058,1,0,0
21059,1,1,0
21060,1,1,0
21061,1,1,0
21062,1,1,0
21063,1,1,0
21064,1,1,0
21065,1,1,0
21066,1,1,0
21067,1,1,0
-1,-1,-1,-1
21081,1,1,0
21082,1,1,0
21083,1,1,0
21084,1,1,0
21085,2,2,0
21086,0,0,0
21087,0,0,0
21088,0,0,0
21089,0,0,0
21090,0,0,0
21091,0,1,0
21092,0,1,0
21093,0,1,0
21094,0,1,0
21095,0,1,0
21096,0,1,0
21097,0,1,0
21098,0,1,0
21099,0,1,0
21100,0,1,0
21101,0,1,0
21102,0,1,0
21103,0,1,0
21104,0,2,0
21105,0,0,0
21106,0,0,0
21107,0,0,0
21108,0,0,0
21109,0,0,0
21110,0,0,0
21111,0,0,0
21112,0,1,0
21113,1,1,0
-1,-1,-1,-1
21102,0,1,0
21103,0,1,0
21104,0,2,0
21105,0,0,0
21106,0,0,0
21107,0,0,0
21108,0,0,0
21109,0,0,0
21110,0,0,0
21111,0,0,0
21112,0,1,0
21113,1,1,0
21114,1,1,0
21115,1,1,0
21116,2,2,0
21117,0,0,0
21118,0,0,0
21119,0,0,0
21120,0,0,0
21121,0,0,0
-1,-1,-1,-1
21112,0,1,0
21113,1,1,0
21114,1,1,0
21115,1,1,0
21116,2,2,0
21117,0,0,0
21118,0,0,0
21119,0,0,0
21120,0,0,0
21121,0,0,0
21122,0,1,0
21123,0,1,0
21124,0,1,0
21125,0,1,0
21126,1,2,0
21127,1,0,0
21128,1,0,0
21129,1,0,0
21130,1,0,0
21131,1,0,0
21132,1,0,0
21133,1,0,0
21134,1,0,0
21135,1,0,0
21136,1,0,0
21137,1,0,0
21138,1,0,0
21139,1,0,0
21140,1,0,0
21141,1,0,0
21142,1,0,0
21143,1,0,0
21144,1,0,0
21145,1,0,0
21146,1,0,0
21147,1,0,0
21148,1,0,0
21149,1,0,0
21150,1,0,0
21151,1,1,0
21152,1,1,0
21153,1,1,0
21154,1,1,0
21155,1,1,0
21156,1,1,0
21157,1,1,0
21158,1,1,0
21159,1,1,0
-1,-1,-1,-1
21244,1,1,0
21245,1,1,0
21246,1,1,0
21247,1,1,0
21248,1,1,0
21249,1,1,0
21250,1,1,0
21251,1,1,0
21252,1,1,0
21253,1,1,0
21254,1,2,0
21255,1,0,0
21256,1,1,0
21257,1,1,0
21258,1,1,0
21259,1,1,0
21260,1,1,0
21261,1,1,0
21262,1,1,0
21263,1,1,0
21264,1,1,0
-1,-1,-1,-1
21581,0,0,0
21582,0,0,0
21583,0,0,0
21584,0,0,0
21585,0,0,0
21586,0,0,0
21587,0,0,0
21588,0,0,0
21589,1,1,0
21590,1,1,0
21591,1,2,0
21592,1,0,0
21593,1,0,0
21594,1,0,0
21595,1,0,0
21596,1,0,0
21597,1,0,0
21598,1,0,0
21599,1,0,0
21600,1,0,0
21601,1,0,0
21602,1,0,0
21603,1,0,0
21604,1,0,0
21605,1,0,0
21606,1,0,0
21607,1,0,0
21608,1,0,0
21609,1,0,0
21610,1,0,0
21611,1,0,0
21612,1,0,0
21613,1,0,0
21614,1,0,0
21615,1,0,0
21616,1,0,0
21617,1,0,0
21618,1,0,0
21619,1,0,0
21620,1,0,0
21621,1,0,0
21622,1,0,0
21623,1,0,0
21624,1,0,0
21625,1,0,0
21626,1,0,0
21627,1,0,0
21628,1,0,0
21629,1,0,0
21630,1,0,0
21631,1,0,0
21632,1,0,0
21633,1,1,0
21634,1,1,0
21635,1,1,0
21636,1,1,0
21637,1,1,0
21638,1,1,0
21639,1,1,0
21640,1,1,0
21641,1,1,0
-1,-1,-1,-1
21948,1,1,0
21949,1,1,0
21950,1,1,0
21951,1,1,0
21952,1,1,0
21953,1,1,0
21954,1,1,0
21955,1,1,0
21956,1,1,0
21957,1,1,0
21958,2,1,0
21959,0,1,0
21960,0,1,0
21961,0,1,0
21962,0,1,0
21963,0,1,0
21964,0,1,0
21965,0,1,0
21966,0,1,0
21967,0,1,0
21968,0,1,0
21969,0,1,0
21970,0,1,0
21971,0,1,0
21972,0,1,0
21973,0,1,0
21974,1,1,0
21975,1,1,0
21976,1,1,0
21977,1,1,0
21978,1,1,0
21979,1,1,0
21980,1,1,0
21981,1,1,0
21982,1,1,0
-1,-1,-1,-1
21977,1,1,0
21978,1,1,0
21979,1,1,0
21980,1,1,0
21981,1,1,0
21982,1,1,0
21983,1,1,0
21984,1,1,0
21985,1,1,0
21986,1,1,0
21987,2,1,0
21988,0,1,0
21989,0,1,0
21990,0,1,0
21991,0,1,0
21992,0,1,0
21993,0,1,0
21994,0,1,0
21995,0,1,0
21996,0,1,0
21997,0,1,0
21998,0,1,0
21999,0,1,0
22000,0,1,0
22001,0,1,0
22002,0,1,0
22003,0,1,0
22004,0,1,0
22005,0,1,0
22006,0,1,0
22007,0,1,0
22008,0,1,0
22009,0,1,0
22010,0,1,0
22011,0,1,0
22012,1,1,0
22013,1,1,0
22014,1,1,0
22015,1,1,0
22016,1,1,0
22017,1,1,0
22018,1,1,0
22019,1,1,0
22020,1,1,0
-1,-1,-1,-1
22018,1,1,0
22019,1,1,0
22020,1,1,0
22021,1,1,0
22022,1,1,0
22023,1,1,0
22024,1,1,0
22025,1,1,0
22026,1,1,0
22027,1,1,0
22028,2,1,0
22029,0,1,0
22030,0,1,0
22031,0,1,0
22032,0,1,0
22033,0,1,0
22034,0,1,0
22035,0,1,0
22036,0,1,0
22037,1,1,0
22038,1,1,0
22039,1,1,0
22040,1,1,0
22041,1,1,0
22042,1,1,0
22043,1,1,0
22044,1,1,0
22045,1,1,0
-1,-1,-1,-1
22288,1,1,0
22289,1,1,0
22290,1,1,0
22291,1,1,0
22292,1,1,0
22293,1,1,0
22294,1,1,0
22295,1,1,0
22296,1,1,0
22297,1,1,0
22298,1,2,0
22299,1,0,0
22300,1,0,0
22301,1,0,0
22302,1,0,0
22303,1,0,0
22304,1,0,0
22305,1,0,0
22306,1,0,0
22307,1,0,0
22308,1,1,0
22309,1,1,0
22310,1,1,0
22311,1,1,0
22312,1,1,0
22313,1,1,0
22314,1,1,0
22315,1,1,0
22316,1,1,0
-1,-1,-1,-1
22390,1,1,0
22391,1,1,0
22392,1,1,0
22393,1,1,0
22394,1,1,0
22395,1,1,0
22396,1,1,0
22397,1,1,0
22398,1,1,0
22399,1,1,0
22400,2,1,0
22401,0,1,0
22402,0,1,0
22403,0,1,0
22404,0,1,0
22405,1,1,0
22406,1,1,0
22407,1,1,0
22408,1,1,0
22409,1,1,0
22410,1,1,0
22411,1,1,0
22412,1,1,0
22413,1,1,0
-1,-1,-1,-1
22448,1,1,0
22449,1,1,0
22450,1,1,0
22451,1,1,0
22452,1,1,0
22453,1,1,0
22454,1,1,0
22455,1,1,0
22456,1,1,0
22457,1,1,0
22458,1,2,0
22459,1,1,0
22460,1,1,0
22461,1,1,0
22462,1,1,0
22463,1,1,0
22464,1,1,0
22465,1,1,0
22466,1,1,0
22467,1,1,0
-1,-1,-1,-1
22493,1,1,0
22494,1,1,0
22495,1,1,0
22496,1,1,0
22497,1,1,0
22498,1,1,0
22499,1,1,0
22500,1,1,0
22501,1,1,0
22502,1,1,0
22503,1,2,0
22504,1,1,0
22505,1,1,0
22506,1,1,0
22507,1,1,0
22508,1,1,0
22509,1,1,0
22510,1,1,0
22511,1,1,0
22512,1,1,0
-1,-1,-1,-1
22630,1,1,0
22631,1,1,0
22632,1,1,0
22633,1,1,0
22634,1,1,0
22635,1,1,0
22636,1,1,0
22637,1,1,0
22638,1,1,0
22639,1,1,0
22640,1,2,0
22641,1,0,0
22642,1,0,0
22643,1,0,0
22644,1,1,0
22645,1,1,0
22646,1,1,0
22647,1,1,0
22648,1,1,0
22649,1,1,0
22650,1,1,1
22651,1,1,0
22652,1,1,0
-1,-1,-1,-1
22741,1,1,0
22742,1,1,0
22743,1,1,0
22744,1,1,0
22745,1,1,0
22746,1,1,0
22747,1,1,0
22748,2,2,0
22749,0,0,0
22750,0,0,0
22751,0,1,0
22752,0,1,0
22753,0,1,0
22754,0,1,0
22755,0,1,0
22756,0,1,0
22757,0,1,0
22758,0,1,0
22759,0,1,0
22760,1,1,0
22761,1,1,0
22762,1,1,0
22763,1,1,0
22764,1,1,0
22765,1,1,0
22766,1,1,0
22767,1,1,0
22768,1,1,0
-1,-1,-1,-1
22821,1,1,0
22822,1,1,0
22823,1,1,0
22824,1,1,0
22825,1,1,0
22826,1,1,0
22827,1,1,0
22828,1,1,0
22829,1,1,0
22830,1,1,0
22831,1,2,0
22832,1,0,0
22833,1,0,0
22834,1,1,0
22835,1,1,0
22836,1,1,0
22837,1,1,0
22838,1,1,0
22839,1,1,0
22840,1,1,0
22841,1,1,0
22842,1,1,0
-1,-1,-1,-1
23013,1,1,0
23014,1,1,0
23015,1,1,0
23016,2,2,0
23017,0,0,0
23018,0,0,0
23019,0,0,0
23020,0,0,0
23021,0,0,0
23022,0,0,0
23023,0,1,0
23024,1,1,0
23025,1,1,0
23026,1,1,0
23027,2,1,0
23028,0,1,0
23029,1,1,0
23030,1,1,0
23031,1,1,0
23032,1,1,0
-1,-1,-1,-1
23017,0,0,0
23018,0,0,0
23019,0,0,0
23020,0,0,0
23021,0,0,0
23022,0,0,0
23023,0,1,0
23024,1,1,0
23025,1,1,0
23026,1,1,0
23027,2,1,0
23028,0,1,0
23029,1,1,0
23030,1,1,0
23031,1,1,0
23032,1,1,0
23033,1,1,0
23034,1,1,0
23035,1,1,0
23036,1,1,0
23037,1,1,0
-1,-1,-1,-1
23082,1,1,0
23083,2,2,0
23084,0,0,0
23085,0,0,0
23086,0,0,0
23087,0,0,0
23088,0,0,0
23089,0,0,0
23090,0,0,0
23091,0,0,0
23092,2,1,0
23093,0,1,0
23094,0,1,0
23095,0,1,0
23096,0,1,0
23097,0,1,0
23098,0,1,0
23099,0,1,0
23100,0,1,0
23101,0,1,0
23102,0,1,0
23103,0,1,0
23104,0,1,0
23105,0,1,0
23106,0,1,0
23107,0,1,0
23108,0,1,0
23109,0,1,0
23110,0,1,0
23111,0,1,0
23112,0,1,0
23113,0,1,0
23114,0,1,0
23115,0,1,0
23116,1,1,0
23117,1,1,0
23118,1,1,0
23119,1,1,0
23120,1,1,0
23121,1,1,0
23122,1,1,0
23123,1,1,0
23124,1,1,0
-1,-1,-1,-1
23426,1,1,0
23427,1,1,0
23428,1,1,0
23429,1,1,0
23430,1,1,0
23431,1,1,0
23432,1,1,0
23433,1,1,0
23434,1,1,0
23435,1,1,0
23436,2,1,0
23437,0,2,0
23438,0,0,0
23439,0,0,0
23440,0,0,0
23441,0,0,0
23442,0,0,0
23443,0,0,0
23444,0,0,0
23445,0,0,0
23446,0,0,0
-1,-1,-1,-1
23444,0,0,0
23445,0,0,0
23446,0,0,0
23447,0,0,0
23448,0,0,0
23449,0,0,0
23450,0,0,0
23451,0,0,0
23452,0,0,0
23453,0,0,0
23454,0,1,0
23455,0,1,0
23456,1,1,0
23457,1,1,0
23458,1,1,0
23459,1,1,0
23460,1,1,0
23461,1,1,0
23462,1,1,0
23463,1,1,0
23464,1,1,0
-1,-1,-1,-1
23671,1,1,0
23672,1,1,0
23673,1,1,0
23674,1,1,0
23675,1,1,0
23676,1,1,0
23677,1,1,1
23678,1,1,0
23679,1,1,0
23680,1,1,0
23681,1,2,0
23682,1,0,0
23683,1,0,0
23684,1,0,0
23685,1,0,0
23686,1,1,0
23687,1,1,0
23688,1,1,0
23689,1,1,0
23690,1,1,0
23691,1,1,0
23692,1,1,0
23693,1,1,0
23694,1,1,0
-1,-1,-1,-1
23754,1,1,0
23755,1,1,0
23756,1,1,0
23757,1,1,0
23758,1,1,0
23759,2,2,0
23760,0,0,0
23761,0,0,0
23762,0,0,0
23763,0,0,0
23764,0,1,0
23765,0,1,0
23766,0,1,0
23767,0,1,0
23768,0,1,0
23769,0,1,0
23770,0,1,0
23771,0,1,0
23772,0,1,0
23773,0,1,0
23774,0,1,0
23775,0,1,0
23776,1,1,0
23777,1,1,0
23778,1,1,0
23779,1,1,0
23780,1,1,0
23781,1,1,0
23782,2,2,0
23783,0,0,0
23784,1,1,0
-1,-1,-1,-1
24165,1,1,0
24166,2,2,0
24167,0,0,0
24168,0,0,0
24169,0,0,0
24170,0,0,0
24171,0,0,0
24172,0,0,0
24173,0,0,0
24174,0,0,0
24175,2,0,0
24176,0,0,0
24177,0,0,0
24178,0,0,0
24179,0,0,0
24180,0,0,0
24181,0,0,0
24182,1,1,0
24183,1,1,0
24184,1,1,0
-1,-1,-1,-1
24183,1,1,0
24184,1,1,0
24185,1,1,0
24186,1,1,0
24187,1,1,0
24188,1,1,0
24189,1,1,0
24190,1,1,0
24191,1,1,0
24192,1,1,0
24193,2,1,0
24194,0,1,0
24195,0,1,0
24196,0,1,0
24197,0,1,0
24198,0,1,0
24199,0,1,0
24200,0,1,0
24201,0,1,0
24202,0,1,0
24203,0,1,0
24204,0,1,0
24205,0,1,0
24206,0,1,0
24207,0,1,0
24208,0,1,0
24209,0,1,0
24210,0,1,0
24211,0,1,0
24212,1,1,0
24213,1,1,0
24214,1,1,0
24215,1,1,0
24216,1,1,0
24217,1,1,0
24218,1,1,0
24219,1,1,0
24220,1,1,0
-1,-1,-1,-1
24550,0,0,0
24551,0,0,0
24552,0,0,0
24553,0,0,0
24554,0,0,0
24555,0,0,0
24556,0,0,0
24557,0,0,0
24558,0,0,0
24559,0,0,0
24560,0,1,0
24561,0,1,0
24562,0,1,0
24563,0,1,0
24564,1,1,0
24565,1,1,0
24566,1,1,0
24567,1,1,0
24568,1,1,0
24569,1,1,0
24570,1,1,0
24571,1,1,0
24572,1,1,0
-1,-1,-1,-1
24572,1,1,0
24573,1,1,0
24574,1,1,0
24575,1,1,0
24576,1,1,0
24577,1,1,0
24578,1,1,0
24579,1,1,0
24580,1,1,0
24581,1,1,0
24582,2,1,0
24583,0,1,0
24584,0,1,0
24585,0,1,0
24586,0,1,0
24587,0,1,0
24588,0,1,0
24589,1,1,0
24590,1,1,0
24591,1,1,0
24592,1,1,0
24593,1,1,0
24594,1,1,0
24595,1,1,0
24596,1,1,0
24597,1,1,0
-1,-1,-1,-1
24933,1,1,0
24934,1,1,0
24935,2,2,0
24936,0,0,0
24937,0,0,0
24938,0,0,0
24939,0,0,0
24940,0,0,0
24941,0,0,0
24942,0,0,0
24943,1,0,0
24944,1,0,0
24945,1,0,0
24946,1,0,0
24947,1,0,0
24948,1,0,0
24949,1,0,0
24950,1,0,0
24951,1,0,0
24952,1,0,0
24953,1,1,1
24954,1,1,0
24955,1,1,0
24956,1,1,0
24957,1,1,0
24958,1,2,0
24959,1,0,0
24960,1,0,0
24961,1,0,0
-1,-1,-1,-1
24948,1,0,0
24949,1,0,0
24950,1,0,0
24951,1,0,0
24952,1,0,0
24953,1,1,1
24954,1,1,0
24955,1,1,0
24956,1,1,0
24957,1,1,0
24958,1,2,0
24959,1,0,0
24960,1,0,0
24961,1,0,0
24962,1,1,0
24963,1,1,0
24964,1,1,0
24965,1,1,0
24966,1,1,0
24967,1,1,0
24968,1,1,0
24969,1,1,0
24970,1,1,0
-1,-1,-1,-1
24980,1,1,0
24981,1,1,0
24982,1,1,0
24983,1,1,0
24984,1,1,0
24985,1,1,0
24986,1,1,0
24987,1,1,0
24988,1,1,0
24989,1,1,0
24990,1,2,0
24991,1,0,0
24992,1,0,0
24993,1,0,0
24994,1,0,0
24995,1,0,0
24996,1,0,0
24997,1,1,0
24998,1,1,0
24999,1,1,0
25000,1,1,0
25001,1,1,0
25002,1,1,0
25003,1,1,0
25004,1,1,0
25005,1,1,0
-1,-1,-1,-1
25013,1,1,0
25014,1,1,0
25015,1,1,0
25016,1,1,0
25017,1,1,0
25018,1,1,0
25019,1,1,0
25020,1,1,0
25021,1,1,0
25022,1,1,0
25023,1,2,0
25024,1,1,0
25025,1,1,0
25026,1,1,0
25027,1,1,0
25028,1,1,0
25029,1,1,0
25030,1,1,0
25031,1,1,0
25032,1,1,0
-1,-1,-1,-1
25108,0,0,0
25109,0,0,0
25110,0,0,0
25111,0,0,0
25112,0,0,0
25113,0,0,0
25114,0,0,0
25115,0,0,0
25116,0,0,0
25117,0,0,0
25118,1,0,0
25119,1,0,0
25120,1,0,0
25121,1,0,0
25122,1,0,0
25123,1,0,0
25124,1,0,0
25125,1,0,0
25126,1,0,0
25127,1,0,0
25128,1,0,0
25129,1,0,0
25130,1,0,0
25131,1,0,0
25132,1,0,0
25133,1,0,0
25134,1,0,0
25135,1,0,0
25136,1,0,0
25137,1,0,0
25138,1,0,0
25139,1,0,0
25140,1,1,0
25141,1,1,0
25142,1,1,0
25143,1,1,0
25144,1,1,0
25145,1,1,0
25146,1,1,0
25147,1,1,0
25148,1,1,0
-1,-1,-1,-1
25240,1,1,0
25241,1,1,0
25242,1,1,0
25243,1,1,0
25244,1,1,0
25245,1,1,0
25246,1,1,0
25247,1,1,0
25248,1,1,0
25249,1,1,0
25250,1,2,0
25251,1,0,0
25252,1,0,0
25253,1,1,0
25254,1,1,0
25255,1,1,0
25256,1,1,0
25257,1,1,0
25258,1,1,0
25259,1,1,0
25260,1,1,0
25261,1,1,0
-1,-1,-1,-1
25346,1,1,0
25347,1,1,0
25348,1,1,0
25349,1,1,0
25350,1,1,0
25351,1,1,0
25352,1,1,0
25353,1,1,0
25354,1,1,0
25355,1,1,0
25356,2,1,0
25357,0,1,0
25358,0,2,0
25359,0,0,0
25360,0,0,0
25361,2,1,0
25362,0,1,0
25363,0,1,0
25364,0,1,0
25365,0,1,0
25366,0,1,0
25367,0,1,0
-1,-1,-1,-1
25351,1,1,0
25352,1,1,0
25353,1,1,0
25354,1,1,0
25355,1,1,0
25356,2,1,0
25357,0,1,0
25358,0,2,0
25359,0,0,0
25360,0,0,0
25361,2,1,0
25362,0,1,0
25363,0,1,0
25364,0,1,0
25365,0,1,0
25366,0,1,0
25367,0,1,0
25368,0,1,0
25369,0,1,0
25370,0,1,0
25371,0,1,0
25372,0,1,0
25373,0,1,0
25374,0,1,0
25375,0,1,0
25376,0,1,0
25377,0,1,0
25378,0,1,0
25379,0,1,0
25380,0,1,0
25381,0,1,0
25382,0,1,0
25383,0,1,0
25384,0,1,0
25385,0,1,0
25386,0,1,0
25387,0,1,0
25388,0,1,0
25389,0,1,0
25390,0,1,0
25391,0,1,0
25392,0,1,0
25393,0,1,0
25394,0,1,0
25395,0,1,0
25396,0,1,0
25397,0,1,0
25398,0,1,0
25399,0,1,0
25400,0,1,0
25401,0,1,0
25402,0,1,0
25403,0,1,0
25404,0,1,0
25405,0,1,0
25406,0,1,0
25407,0,1,0
25408,0,1,0
25409,0,1,0
25410,0,1,0
25411,0,1,0
25412,0,1,0
25413,0,1,0
25414,0,1,0
25415,0,2,0
25416,0,0,0
25417,0,0,0
25418,0,0,0
25419,0,0,0
25420,0,0,0
25421,0,0,0
25422,0,1,0
25423,0,1,0
25424,0,1,0
-1,-1,-1,-1
25412,0,1,0
25413,0,1,0
25414,0,1,0
25415,0,2,0
25416,0,0,0
25417,0,0,0
25418,0,0,0
25419,0,0,0
25420,0,0,0
25421,0,0,0
25422,0,1,0
25423,0,1,0
25424,0,1,0
25425,0,1,0
25426,0,1,0
25427,0,1,0
25428,0,1,0
25429,0,1,0
25430,1,1,0
25431,1,1,0
25432,1,1,0
25433,1,1,0
25434,1,1,0
25435,1,1,0
25436,1,1,0
25437,1,1,0
25438,1,1,0
-1,-1,-1,-1
25478,1,1,0
25479,1,1,0
25480,1,1,0
25481,1,1,0
25482,1,1,0
25483,1,1,0
25484,1,1,0
25485,1,1,0
25486,1,1,0
25487,1,1,0
25488,1,2,0
25489,1,0,0
25490,1,0,0
25491,1,1,0
25492,1,1,0
25493,1,1,0
25494,1,1,0
25495,1,1,0
25496,1,1,0
25497,1,1,0
25498,1,1,0
25499,1,1,0
-1,-1,-1,-1
25509,0,0,0
25510,0,0,0
25511,0,0,0
25512,1,1,1
25513,1,1,0
25514,1,1,0
25515,1,1,0
25516,1,1,0
25517,1,1,0
25518,1,1,0
25519,1,2,0
25520,1,0,0
25521,2,0,0
25522,0,0,0
25523,0,0,0
25524,1,1,1
25525,1,1,0
25526,1,1,0
25527,1,1,0
25528,1,1,0
25529,1,1,0
25530,1,1,0
-1,-1,-1,-1
25755,1,1,0
25756,1,1,0
25757,1,1,0
25758,1,1,0
25759,1,1,0
25760,1,1,0
25761,1,1,0
25762,2,2,0
25763,0,0,0
25764,0,0,0
25765,0,1,0
25766,0,1,0
25767,0,2,0
25768,0,0,0
25769,1,1,1
25770,1,1,0
25771,1,1,0
25772,1,1,0
25773,1,1,0
25774,1,1,0
25775,1,1,0
25776,1,1,0
-1,-1,-1,-1
25773,1,1,0
25774,1,1,0
25775,1,1,0
25776,1,1,0
25777,1,1,0
25778,1,1,0
25779,1,1,0
25780,1,1,0
25781,1,1,0
25782,1,1,0
25783,2,1,0
25784,0,2,0
25785,0,0,0
25786,0,0,0
25787,0,0,0
25788,0,0,0
25789,0,0,0
25790,0,0,0
25791,0,0,0
25792,1,1,0
25793,1,1,0
-1,-1,-1,-1
25962,0,0,0
25963,0,0,0
25964,0,0,0
25965,0,0,0
25966,0,0,0
25967,1,1,1
25968,1,1,0
25969,1,1,0
25970,1,1,0
25971,1,1,0
25972,1,2,0
25973,1,0,0
25974,1,0,0
25975,1,1,0
25976,1,1,0
25977,1,1,0
25978,1,1,0
25979,1,1,0
25980,1,1,0
25981,1,1,0
25982,1,1,1
25983,1,1,0
-1,-1,-1,-1
25995,1,1,0
25996,1,1,0
25997,1,1,0
25998,1,1,0
25999,2,2,0
26000,0,0,0
26001,0,0,0
26002,0,0,0
26003,0,0,0
26004,0,0,0
26005,0,1,0
26006,0,1,0
26007,0,1,0
26008,0,1,0
26009,0,1,0
26010,0,1,0
26011,0,1,0
26012,0,1,0
26013,0,1,0
26014,0,1,0
26015,0,1,0
26016,0,1,0
26017,0,1,0
26018,0,1,0
26019,1,1,0
26020,1,1,0
26021,1,1,0
26022,1,1,0
26023,1,1,0
26024,1,1,0
26025,1,1,0
26026,1,1,0
26027,1,1,0
-1,-1,-1,-1
26163,1,1,0
26164,1,1,0
26165,1,1,0
26166,1,1,0
26167,1,1,0
26168,1,1,0
26169,1,1,0
26170,1,1,0
26171,1,1,0
26172,1,1,0
26173,2,1,0
26174,0,1,0
26175,0,2,0
26176,0,0,0
26177,0,0,0
26178,0,0,0
26179,1,1,0
26180,1,1,0
26181,1,1,0
26182,1,1,0
26183,1,1,0
26184,1,1,0
-1,-1,-1,-1
26179,1,1,0
26180,1,1,0
26181,1,1,0
26182,1,1,0
26183,1,1,0
26184,1,1,0
26185,1,1,0
26186,1,1,0
26187,1,1,0
26188,1,1,0
26189,1,2,0
26190,1,0,0
26191,1,0,0
26192,1,1,0
26193,1,1,0
26194,1,1,0
26195,1,1,0
26196,1,1,0
26197,1,1,0
26198,1,1,0
26199,1,1,0
26200,1,1,0
-1,-1,-1,-1
26251,1,1,0
26252,1,1,0
26253,1,1,0
26254,1,1,0
26255,1,1,0
26256,1,1,0
26257,1,1,0
26258,1,1,0
26259,1,1,0
26260,1,1,0
26261,1,2,0
26262,1,0,0
26263,1,0,0
26264,1,0,0
26265,1,1,0
26266,1,1,0
26267,1,1,0
26268,1,1,0
26269,1,1,0
26270,1,1,0
26271,1,1,0
26272,1,1,0
26273,1,1,0
-1,-1,-1,-1
26407,0,0,0
26408,0,0,0
26409,0,0,0
26410,0,0,0
26411,0,0,0
26412,0,0,0
26413,0,0,0
26414,0,0,0
26415,0,0,0
26416,0,0,0
26417,0,1,0
26418,0,1,0
26419,0,1,0
26420,0,1,0
26421,0,1,0
26422,0,1,0
26423,0,1,0
26424,0,1,0
26425,0,1,0
26426,0,1,0
26427,0,1,0
26428,0,1,0
26429,0,1,0
26430,0,1,0
26431,0,1,0
26432,0,1,0
26433,0,1,0
26434,0,1,0
26435,0,1,0
26436,0,1,0
26437,0,1,0
26438,0,1,0
26439,0,1,0
26440,0,1,0
26441,0,1,0
26442,0,1,0
26443,0,1,0
26444,0,1,0
26445,0,1,0
26446,0,1,0
26447,0,1,0
26448,0,1,0
26449,0,1,0
26450,0,1,0
26451,0,1,0
26452,0,1,0
26453,0,1,0
26454,0,1,0
26455,0,1,0
26456,0,1,0
26457,0,1,0
26458,0,1,0
26459,0,1,0
26460,0,1,0
26461,0,1,0
26462,0,1,0
26463,0,1,0
26464,0,1,0
26465,0,1,0
26466,0,1,0
26467,0,1,0
26468,0,1,0
26469,0,1,0
26470,0,1,0
26471,1,1,0
26472,1,1,0
26473,1,1,0
26474,1,1,0
26475,1,1,0
26476,2,2,0
26477,0,0,0
26478,0,0,0
26479,0,0,0
-1,-1,-1,-1
26989,1,1,0
26990,1,1,0
26991,1,1,0
26992,1,1,0
26993,1,1,0
26994,1,1,1
26995,1,1,0
26996,1,1,0
26997,1,1,0
26998,1,1,0
26999,2,1,0
27000,0,1,0
27001,0,1,0
27002,0,1,0
27003,0,1,0
27004,0,1,0
27005,1,1,1
27006,1,1,0
27007,1,1,0
27008,1,1,0
27009,1,1,0
27010,1,1,0
27011,1,1,0
27012,1,1,0
27013,1,1,0
-1,-1,-1,-1
27012,1,1,0
27013,1,1,0
27014,1,1,0
27015,1,1,0
27016,2,2,0
27017,0,0,0
27018,0,0,0
27019,0,0,0
27020,0,0,0
27021,0,0,0
27022,1,0,0
27023,1,0,0
27024,2,0,0
27025,0,0,0
27026,0,0,0
27027,0,0,0
27028,0,0,0
27029,0,0,0
27030,1,0,0
27031,1,0,0
27032,1,0,0
27033,1,0,0
-1,-1,-1,-1
27020,0,0,0
27021,0,0,0
27022,1,0,0
27023,1,0,0
27024,2,0,0
27025,0,0,0
27026,0,0,0
27027,0,0,0
27028,0,0,0
27029,0,0,0
27030,1,0,0
27031,1,0,0
27032,1,0,0
27033,1,0,0
27034,1,0,0
27035,1,0,0
27036,1,1,0
27037,1,1,0
27038,1,1,0
27039,1,1,0
27040,1,1,0
27041,1,1,0
27042,1,1,0
27043,1,1,0
27044,1,1,0
-1,-1,-1,-1
27211,1,1,0
27212,1,1,0
27213,1,1,0
27214,1,1,0
27215,1,1,0
27216,1,1,0
27217,1,1,0
27218,1,1,0
27219,1,1,0
27220,1,1,0
27221,2,1,0
27222,0,1,0
27223,0,1,0
27224,0,1,0
27225,0,1,0
27226,0,1,0
27227,0,1,0
27228,0,1,0
27229,0,1,0
27230,0,1,0
27231,1,1,0
27232,1,1,0
27233,1,1,0
27234,1,1,0
27235,1,1,0
27236,1,1,0
27237,1,1,0
27238,1,1,0
27239,1,1,0
-1,-1,-1,-1
27343,1,1,0
27344,1,1,0
27345,1,1,0
27346,1,1,0
27347,1,1,0
27348,1,1,0
27349,1,1,0
27350,1,1,0
27351,1,1,0
27352,1,1,0
27353,1,2,0
27354,1,0,0
27355,1,0,0
27356,1,0,0
27357,1,1,0
27358,1,1,0
27359,1,1,0
27360,1,1,0
27361,1,1,0
27362,1,1,0
27363,1,1,0
27364,1,1,0
27365,1,1,0
-1,-1,-1,-1
27364,1,1,0
27365,1,1,0
27366,1,1,0
27367,1,1,0
27368,1,1,0
27369,1,1,0
27370,1,1,0
27371,1,1,0
27372,1,1,0
27373,1,1,0
27374,1,2,0
27375,1,0,0
27376,1,0,0
27377,1,0,0
27378,1,1,0
27379,1,1,0
27380,1,1,0
27381,1,1,0
27382,1,1,0
27383,1,1,0
27384,1,1,0
27385,1,1,1
27386,1,1,0
-1,-1,-1,-1
27390,1,1,0
27391,1,1,0
27392,1,1,0
27393,1,1,0
27394,1,1,0
27395,1,1,0
27396,1,1,0
27397,1,1,0
27398,1,1,0
27399,1,1,0
27400,1,2,0
27401,1,0,0
27402,1,0,0
27403,1,0,0
27404,1,0,0
27405,1,0,0
27406,1,0,0
27407,1,0,0
27408,1,0,0
27409,1,0,0
27410,1,0,0
27411,1,0,0
27412,1,0,0
27413,1,1,0
-1,-1,-1,-1
