166,0,0,0,0,0,0,0,0,0,0,0,0,0,0,0,0,0,0,0,0,0,0,0
167,0,0,0,0,0,0,0,0,0,0,0,0,0,0,0,0,0,0,0,0,0,0,0
168,0,0,0,0,0,0,0,0,0,0,0,0,0,0,0,0,0,0,0,0,0,0,0
169,0,0,0,0,0,0,0,0,0,0,0,0,0,0,0,0,0,0,0,0,0,0,0
170,0,0,0,0,0,0,0,0,0,0,0,0,0,0,0,0,0,0,0,0,0,0,0
171,0,0,0,0,0,0,0,0,0,0,0,0,0,0,0,0,0,0,0,0,0,0,0
172,1,1,0,1,1,1,1,1,1,1,1,1,1,1,1,1,1,1,1,1,1,1,1
173,1,1,0,1,1,1,1,1,1,1,1,1,1,1,1,1,1,1,1,1,1,1,1
174,1,1,0,1,1,1,1,1,1,1,1,1,1,1,1,1,1,1,1,1,1,1,1
175,2,1,0,1,2,2,2,2,1,1,1,2,1,1,2,2,1,1,1,1,2,1,1
176,0,1,0,1,0,0,0,0,1,1,1,0,1,1,0,0,1,1,1,1,0,1,1
177,0,1,0,1,0,0,0,0,1,1,1,0,1,1,0,0,1,1,1,1,0,1,1
178,0,1,0,1,0,0,0,0,1,1,1,0,1,1,0,0,1,1,1,1,0,1,1
179,0,1,0,1,0,0,0,0,1,1,1,0,1,1,0,0,1,1,1,1,0,1,1
180,0,2,0,2,0,0,0,0,2,2,2,0,2,2,0,0,2,2,2,2,0,2,2
181,0,0,0,0,0,0,0,0,0,0,0,0,0,0,0,0,0,0,0,0,0,0,0
182,0,0,0,0,0,0,0,0,0,0,0,0,0,0,0,0,0,0,0,0,0,0,0
183,0,0,0,0,0,0,0,0,0,0,0,0,0,0,0,0,0,0,0,0,0,0,0
184,0,0,0,0,0,0,0,0,0,0,0,0,0,0,0,0,0,0,0,0,0,0,0
185,0,0,0,0,0,0,0,0,0,0,0,0,0,0,0,0,0,0,0,0,0,0,0
186,0,0,0,0,0,0,0,0,0,0,0,0,0,0,0,0,0,0,0,0,0,0,0
187,0,0,0,0,0,0,0,0,0,0,0,0,0,0,0,0,0,0,0,0,0,0,0
188,0,0,0,0,0,0,0,0,0,0,0,0,0,0,0,0,0,0,0,0,0,0,0
189,0,0,0,0,0,0,0,0,0,0,0,0,0,0,0,0,0,0,0,0,0,0,0
-1,-1,-1,-1,-1,-1,-1,-1,-1,-1,-1,-1,-1,-1,-1,-1,-1,-1,-1,-1,-1,-1,-1,-1
375,0,0,0,0,0,0,0,0,0,0,0,0,0,0,0,0,0,0,0,1,0,0,0
376,0,0,0,0,0,0,0,0,0,0,0,0,0,0,0,0,0,0,0,1,0,0,0
377,0,0,0,0,0,0,0,0,0,0,0,0,0,0,0,0,0,0,0,1,0,0,0
378,0,0,0,0,0,0,0,0,0,0,0,0,0,0,0,0,0,0,0,1,0,0,0
379,0,0,0,0,0,0,0,0,0,0,0,0,0,0,0,0,0,0,0,1,0,0,0
380,0,0,0,0,0,0,0,0,0,0,0,0,0,0,0,0,0,0,0,1,0,0,0
381,0,0,0,0,0,0,0,0,0,0,0,0,0,0,0,0,0,0,0,1,0,0,0
382,0,0,0,0,0,0,0,0,0,1,0,0,0,0,0,0,0,1,0,1,0,0,0
383,0,0,0,0,0,0,0,0,0,1,0,0,0,0,0,0,0,1,0,1,0,0,0
384,0,0,0,0,0,0,0,0,0,1,0,0,0,0,0,0,0,1,0,1,0,0,0
385,0,1,0,1,1,0,0,0,1,1,1,0,1,1,0,0,1,1,1,1,1,1,1
386,0,1,0,1,1,0,0,0,1,1,1,0,1,1,0,0,1,1,1,1,1,1,1
387,0,1,0,1,1,0,0,0,1,1,1,0,1,1,0,0,1,1,1,1,1,1,1
388,1,1,0,1,1,1,1,1,1,1,1,1,1,1,1,1,1,1,1,1,1,1,1
389,1,1,0,1,1,1,1,1,1,1,1,1,1,1,1,1,1,1,1,1,1,1,1
390,1,1,0,1,1,1,1,1,1,1,1,1,1,1,1,1,1,1,1,1,1,1,1
391,2,2,0,2,2,2,2,2,2,2,2,2,2,2,2,2,2,2,2,2,2,2,2
392,0,0,0,0,0,0,0,0,0,0,0,0,0,0,0,0,0,0,0,0,0,0,0
393,0,0,0,0,0,0,0,0,0,0,0,0,0,0,0,0,0,0,0,0,0,0,0
394,0,0,0,0,0,0,0,0,0,0,0,0,0,0,0,0,0,0,0,0,0,0,0
395,0,0,0,0,0,0,0,0,0,0,0,0,0,0,0,0,0,0,0,0,0,0,0
396,0,0,0,0,0,0,0,0,0,0,0,0,0,0,0,0,0,0,0,0,0,0,0
-1,-1,-1,-1,-1,-1,-1,-1,-1,-1,-1,-1,-1,-1,-1,-1,-1,-1,-1,-1,-1,-1,-1,-1
1009,0,0,0,0,0,0,0,0,0,0,0,0,0,0,0,0,0,1,0,0,1,0,0
1010,0,0,0,0,0,0,0,0,0,0,0,0,0,0,0,0,0,1,0,0,1,0,0
1011,0,0,0,0,0,0,0,0,0,0,0,0,0,0,0,0,0,1,0,0,1,0,0
1012,0,0,0,0,0,0,0,0,0,0,0,0,0,0,0,0,0,1,0,0,1,0,0
1013,0,0,0,0,0,0,0,0,0,0,0,0,0,0,0,0,0,1,0,0,1,0,0
1014,0,0,0,0,0,0,0,0,0,0,0,0,0,0,0,0,0,1,0,0,1,0,0
1015,0,0,0,0,0,0,0,0,0,0,0,0,0,0,0,0,0,1,0,0,1,0,0
1016,0,0,0,0,0,0,0,0,0,0,0,0,0,0,0,0,0,1,0,0,1,0,0
1017,0,0,0,0,0,0,0,0,0,0,0,0,0,0,0,0,0,1,0,0,1,0,0
1018,0,0,0,0,0,0,0,0,0,0,0,0,0,0,0,0,0,1,0,0,1,0,0
1019,0,1,0,1,1,0,0,0,1,1,1,0,1,1,0,0,1,1,1,0,1,1,1
1020,0,1,0,1,1,0,0,0,1,1,1,0,1,1,0,0,1,1,1,0,1,1,1
1021,0,1,0,1,1,0,0,0,1,1,1,0,1,1,0,0,1,1,1,0,1,1,1
1022,1,1,0,1,1,1,1,1,1,1,1,1,1,1,1,1,1,1,1,1,1,1,1
1023,2,2,0,2,2,2,2,2,2,2,2,2,2,2,2,2,2,2,2,2,2,2,2
1024,0,0,0,0,0,0,0,0,0,0,0,0,0,0,0,0,0,0,0,0,0,0,0
1025,0,0,0,0,0,0,0,0,0,0,0,0,0,0,0,0,0,0,0,0,0,0,0
1026,0,0,0,0,0,0,0,0,0,0,0,0,0,0,0,0,0,0,0,0,0,0,0
1027,0,0,0,0,0,0,0,0,0,0,0,0,0,0,0,0,0,0,0,0,0,0,0
1028,0,0,0,0,0,0,0,0,0,0,0,0,0,0,0,0,0,0,0,0,0,0,0
1029,0,0,0,0,0,0,0,0,0,0,0,0,0,0,0,0,0,0,0,0,0,0,0
1030,0,0,0,0,0,0,0,0,0,0,0,0,0,0,0,0,0,0,0,0,0,0,0
-1,-1,-1,-1,-1,-1,-1,-1,-1,-1,-1,-1,-1,-1,-1,-1,-1,-1,-1,-1,-1,-1,-1,-1
1316,1,1,0,1,1,1,1,1,1,1,1,1,1,1,1,1,1,1,1,1,1,1,1
1317,1,1,0,1,1,1,1,1,1,1,1,1,1,1,1,1,1,1,1,1,1,1,1
1318,1,1,0,1,1,1,1,1,1,1,1,1,1,1,1,1,1,1,1,1,1,1,1
1319,1,1,0,1,1,1,1,1,1,1,1,1,1,1,1,1,1,1,1,1,1,1,1
1320,1,1,0,1,1,1,1,1,1,1,1,1,1,1,1,1,1,1,1,1,1,1,1
1321,1,1,0,1,1,1,1,1,1,1,1,1,1,1,1,1,1,1,1,1,1,1,1
1322,1,1,0,1,1,1,1,1,1,1,1,1,1,1,1,1,1,1,1,1,1,1,1
1323,1,1,0,1,1,1,1,1,1,1,1,1,1,1,1,1,1,1,1,1,1,1,1
1324,1,1,0,1,1,2,2,1,2,2,1,2,1,2,1,1,1,1,1,1,1,2,1
1325,1,1,0,1,1,0,0,1,0,0,1,0,1,0,1,1,1,1,1,1,1,0,1
1326,2,1,0,1,1,0,0,1,0,0,1,0,1,0,1,1,1,1,1,1,1,0,1
1327,0,1,0,1,1,0,0,1,0,0,1,0,1,0,1,1,1,1,1,1,1,0,1
1328,0,1,0,1,1,0,0,1,0,0,1,0,1,0,1,1,1,1,1,1,1,0,1
1329,0,1,0,1,1,0,0,1,0,0,1,0,1,0,1,1,1,1,1,1,1,0,1
1330,0,1,0,1,1,0,0,1,0,0,1,0,1,0,1,1,1,1,1,1,1,0,1
1331,0,1,0,1,1,0,0,1,0,0,1,0,1,0,1,1,1,1,1,1,1,0,1
1332,0,1,0,1,1,0,0,1,0,0,1,0,1,0,1,1,1,1,1,1,1,0,1
1333,0,1,0,1,1,0,0,1,0,0,1,0,1,0,1,1,1,1,1,1,1,0,1
1334,0,1,0,1,1,0,0,1,0,0,1,0,1,0,1,1,1,1,1,1,1,0,1
1335,0,1,0,1,1,0,0,1,0,0,1,0,1,0,1,1,1,1,1,1,1,0,1
1336,0,1,0,1,1,0,0,1,0,0,1,0,1,0,1,1,1,1,1,1,1,0,1
1337,0,1,0,1,1,0,0,1,0,0,1,0,1,0,1,1,1,1,1,1,1,0,1
1338,0,1,0,1,1,0,0,1,0,0,1,0,1,0,1,1,1,1,1,1,1,0,1
1339,0,1,0,1,1,0,0,1,0,0,1,0,1,0,1,1,1,1,1,1,1,0,1
1340,0,1,0,1,1,0,0,1,0,0,1,0,1,0,1,1,1,1,1,1,1,0,1
1341,0,1,0,1,1,0,0,1,0,0,1,0,1,0,1,1,1,1,1,1,1,0,1
1342,1,1,0,1,1,1,1,1,1,1,1,1,1,1,1,1,1,1,1,1,1,1,1
1343,2,2,0,2,2,2,2,2,2,2,2,2,2,2,2,2,2,2,2,2,2,2,2
1344,0,0,0,0,0,0,0,0,0,0,0,0,0,0,0,0,0,0,0,0,0,0,0
1345,0,0,0,0,0,0,0,0,0,0,0,0,0,0,0,0,0,0,0,0,0,0,0
1346,0,0,0,0,0,0,0,0,0,0,0,0,0,0,0,0,0,0,0,0,0,0,0
1347,0,0,0,0,0,0,0,0,0,0,0,0,0,0,0,0,0,0,0,0,0,0,0
1348,0,0,0,0,0,0,0,0,0,0,0,0,0,0,0,0,0,0,0,0,0,0,0
1349,0,0,0,0,0,0,0,0,0,0,0,0,0,0,0,0,0,0,0,0,0,0,0
1350,0,0,0,0,0,0,0,0,0,0,0,0,0,0,0,0,0,0,0,0,0,0,0
-1,-1,-1,-1,-1,-1,-1,-1,-1,-1,-1,-1,-1,-1,-1,-1,-1,-1,-1,-1,-1,-1,-1,-1
2392,1,0,0,1,1,1,1,1,1,0,1,1,1,1,1,1,1,1,1,1,1,1,1
2393,1,0,0,1,1,1,1,1,1,0,1,1,1,1,1,1,1,1,1,1,1,1,1
2394,1,0,0,1,1,1,1,1,1,0,1,1,1,1,1,1,1,1,1,1,1,1,1
2395,1,0,0,1,1,1,1,1,1,0,1,1,1,1,1,1,1,1,1,1,1,1,1
2396,1,0,0,1,1,1,1,1,1,0,1,1,1,1,1,1,1,1,1,1,1,1,1
2397,1,1,0,1,1,1,1,1,1,1,1,1,1,1,1,1,1,1,1,1,1,1,1
2398,1,1,0,1,1,1,1,1,1,1,1,1,1,1,1,1,1,1,1,1,1,1,1
2399,1,1,0,1,1,1,1,1,1,1,1,1,1,1,1,1,1,1,1,1,1,1,1
2400,1,1,0,1,1,1,1,1,1,2,1,2,2,2,2,1,2,1,2,1,1,1,1
2401,1,1,0,1,1,1,1,1,1,0,1,0,0,0,0,1,0,1,0,1,1,1,1
2402,2,1,0,1,1,1,1,1,1,0,1,0,0,0,0,1,0,1,0,1,1,1,1
2403,0,1,0,1,1,1,1,1,1,0,1,0,0,0,0,1,0,1,0,1,1,1,1
2404,0,1,0,1,1,1,1,1,1,0,1,0,0,0,0,1,0,1,0,1,1,1,1
2405,0,1,0,1,1,1,1,1,1,0,1,0,0,0,0,1,0,1,0,1,1,1,1
2406,0,1,0,1,1,1,1,1,1,0,1,0,0,0,0,1,0,1,0,1,1,1,1
2407,0,1,0,1,1,1,1,1,1,0,1,0,0,0,0,1,0,1,0,1,1,1,1
2408,0,1,0,1,1,1,1,1,1,0,1,0,0,0,0,1,0,1,0,1,1,1,1
2409,0,1,0,1,1,1,1,1,1,0,1,0,0,0,0,1,0,1,0,1,1,1,1
2410,0,1,0,1,1,1,1,1,1,0,1,0,0,0,0,1,0,1,0,1,1,1,1
2411,0,1,0,1,1,1,1,1,1,0,1,0,0,0,0,1,0,1,0,1,1,1,1
2412,0,1,0,1,1,1,1,1,1,0,1,0,0,0,0,1,0,1,0,1,1,1,1
2413,0,1,0,1,1,1,1,1,1,0,1,0,0,0,0,1,0,1,0,1,1,1,1
2414,0,1,0,1,1,1,1,1,1,0,1,0,0,0,0,1,0,1,0,1,1,1,1
2415,0,1,0,1,1,1,1,1,1,0,1,0,0,0,0,1,0,1,0,1,1,1,1
2416,1,1,0,1,1,1,1,1,1,1,1,1,1,1,1,1,1,1,1,1,1,1,1
2417,2,2,0,1,1,1,2,1,1,2,1,2,1,2,2,2,1,1,2,1,1,1,2
2418,0,0,0,1,1,1,0,1,1,0,1,0,1,0,0,0,1,1,0,1,1,1,0
2419,0,0,0,1,1,1,0,1,1,0,1,0,1,0,0,0,1,1,0,1,1,1,0
2420,0,0,0,1,1,1,0,1,1,0,1,0,1,0,0,0,1,1,0,1,1,1,0
2421,0,0,0,1,1,1,0,1,1,0,1,0,1,0,0,0,1,1,0,1,1,1,0
2422,0,0,0,1,1,1,0,1,1,0,1,0,1,0,0,0,1,1,0,1,1,1,0
2423,0,0,0,1,1,1,0,1,1,0,1,0,1,0,0,0,1,1,0,1,1,1,0
2424,0,0,0,1,1,1,0,1,1,0,1,0,1,0,0,0,1,1,0,1,1,1,0
-1,-1,-1,-1,-1,-1,-1,-1,-1,-1,-1,-1,-1,-1,-1,-1,-1,-1,-1,-1,-1,-1,-1,-1
2448,0,0,0,1,1,0,0,1,1,0,1,0,1,0,0,0,1,1,0,1,1,0,0
2449,0,0,0,1,1,0,0,1,1,0,1,0,1,0,0,0,1,1,0,1,1,0,0
2450,0,0,0,1,1,0,0,1,1,0,1,0,1,0,0,0,1,1,0,1,1,0,0
2451,0,0,0,1,1,0,0,1,1,0,1,0,1,0,0,0,1,1,0,1,1,0,0
2452,0,0,0,1,1,0,0,1,1,0,1,0,1,0,0,0,1,1,0,1,1,0,0
2453,0,0,0,1,1,0,0,1,1,0,1,0,1,0,0,0,1,1,0,1,1,0,0
2454,0,0,0,1,1,0,0,1,1,0,1,0,1,0,0,0,1,1,0,1,1,0,0
2455,0,0,0,1,1,0,0,1,1,0,1,0,1,0,0,0,1,1,0,1,1,0,0
2456,0,0,0,1,1,0,0,1,1,0,1,0,1,0,0,0,1,1,0,1,1,0,0
2457,0,0,0,1,1,0,0,1,1,0,1,0,1,0,0,0,1,1,0,1,1,0,0
2458,0,1,0,1,1,0,0,1,1,0,1,0,1,0,0,0,1,1,0,1,1,0,0
2459,0,2,0,1,1,0,0,1,1,0,1,0,1,0,0,0,1,1,0,1,1,0,0
2460,0,0,0,1,1,0,0,1,1,0,1,0,1,0,0,0,1,1,0,1,1,0,0
2461,0,0,0,1,1,0,0,1,1,0,1,0,1,0,0,0,1,1,0,1,1,0,0
2462,0,0,0,1,1,0,0,1,1,0,1,0,1,0,0,0,1,1,0,1,1,0,0
2463,0,0,0,1,1,0,0,1,1,0,1,0,1,0,0,0,1,1,0,1,1,0,0
2464,0,0,0,1,1,0,0,1,1,0,1,0,1,0,0,0,1,1,0,1,1,0,0
2465,0,0,0,1,1,0,0,1,1,0,1,0,1,0,0,0,1,1,0,1,1,0,0
2466,0,0,0,1,1,0,0,1,1,0,1,0,1,0,0,0,1,1,0,1,1,0,0
2467,1,1,0,1,1,1,1,1,1,1,1,1,1,1,1,1,1,1,1,1,1,1,1
-1,-1,-1,-1,-1,-1,-1,-1,-1,-1,-1,-1,-1,-1,-1,-1,-1,-1,-1,-1,-1,-1,-1,-1
2911,0,0,0,0,1,0,0,0,0,0,0,0,0,1,0,0,0,0,0,0,0,0,0
2912,0,0,0,0,1,0,0,0,0,0,0,0,0,1,0,0,0,0,0,0,0,0,0
2913,0,0,0,0,1,0,0,0,0,0,0,0,0,1,0,0,0,0,0,0,0,0,0
2914,0,0,0,0,1,0,0,0,0,0,0,0,0,1,0,0,0,0,0,0,0,0,0
2915,0,0,0,0,1,0,0,0,0,0,0,0,0,1,0,0,0,0,0,0,0,0,0
2916,0,0,0,0,1,0,0,0,0,0,0,0,0,1,0,0,0,0,0,0,0,0,0
2917,0,0,0,0,1,0,0,0,0,0,0,0,0,1,0,0,0,0,0,0,0,0,0
2918,1,1,0,1,1,1,1,1,1,1,1,1,1,1,1,1,1,1,1,1,1,1,1
2919,1,1,0,1,1,2,2,2,1,2,1,1,1,1,1,2,1,1,1,1,1,1,2
2920,1,1,0,1,1,0,0,0,1,0,1,1,1,1,1,0,1,1,1,1,1,1,0
2921,2,1,0,1,1,0,0,0,1,0,1,1,1,1,1,0,1,1,1,1,1,1,0
2922,0,1,0,1,1,0,0,0,1,0,1,1,1,1,1,0,1,1,1,1,1,1,0
2923,0,1,0,1,1,0,0,0,1,0,1,1,1,1,1,0,1,1,1,1,1,1,0
2924,0,1,0,1,1,0,0,0,1,0,1,1,1,1,1,0,1,1,1,1,1,1,0
2925,0,1,0,1,1,0,0,0,1,0,1,1,1,1,1,0,1,1,1,1,1,1,0
2926,1,1,0,1,1,1,1,1,1,1,1,1,1,1,1,1,1,1,1,1,1,1,1
2927,1,1,0,1,1,1,1,1,1,1,1,1,1,1,1,1,1,1,1,1,1,1,1
2928,1,1,0,1,1,1,1,1,1,1,1,1,1,1,1,1,1,1,1,1,1,1,1
2929,2,1,0,1,1,2,2,2,1,2,1,2,2,1,2,2,1,2,1,1,2,2,1
2930,0,1,0,1,1,0,0,0,1,0,1,0,0,1,0,0,1,0,1,1,0,0,1
2931,0,1,0,1,1,0,0,0,1,0,1,0,0,1,0,0,1,0,1,1,0,0,1
2932,0,1,0,1,1,0,0,0,1,0,1,0,0,1,0,0,1,0,1,1,0,0,1
2933,0,1,0,1,1,0,0,0,1,0,1,0,0,1,0,0,1,0,1,1,0,0,1
2934,0,1,0,1,1,0,0,0,1,0,1,0,0,1,0,0,1,0,1,1,0,0,1
-1,-1,-1,-1,-1,-1,-1,-1,-1,-1,-1,-1,-1,-1,-1,-1,-1,-1,-1,-1,-1,-1,-1,-1
2961,1,1,0,1,1,1,1,1,1,1,1,1,1,1,1,1,1,1,1,1,1,1,1
2962,1,1,0,1,1,1,1,1,1,1,1,1,1,1,1,1,1,1,1,1,1,1,1
2963,1,1,0,1,1,1,1,1,1,1,1,1,1,1,1,1,1,1,1,1,1,1,1
2964,1,1,0,1,1,1,1,1,1,1,1,1,1,1,1,1,1,1,1,1,1,1,1
2965,1,1,0,1,1,1,1,1,1,1,1,1,1,1,1,1,1,1,1,1,1,1,1
2966,1,1,0,1,1,1,1,1,1,1,1,1,1,1,1,1,1,1,1,1,1,1,1
2967,1,1,0,1,1,1,1,1,1,1,1,1,1,1,1,1,1,1,1,1,1,1,1
2968,1,1,0,1,1,1,1,1,1,1,1,1,1,1,1,1,1,1,1,1,1,1,1
2969,1,1,0,1,1,1,1,1,1,1,1,1,1,1,1,1,1,1,1,1,1,1,1
2970,2,1,0,1,1,1,2,2,1,2,1,2,1,1,2,2,1,2,1,1,2,2,1
2971,0,1,0,1,1,1,0,0,1,0,1,0,1,1,0,0,1,0,1,1,0,0,1
2972,0,1,0,1,1,1,0,0,1,0,1,0,1,1,0,0,1,0,1,1,0,0,1
2973,0,1,0,1,1,1,0,0,1,0,1,0,1,1,0,0,1,0,1,1,0,0,1
2974,0,1,0,1,1,1,0,0,1,0,1,0,1,1,0,0,1,0,1,1,0,0,1
2975,0,1,0,1,1,1,0,0,1,0,1,0,1,1,0,0,1,0,1,1,0,0,1
2976,0,1,0,1,1,1,0,0,1,0,1,0,1,1,0,0,1,0,1,1,0,0,1
2977,0,1,0,1,1,1,0,0,1,0,1,0,1,1,0,0,1,0,1,1,0,0,1
2978,0,1,0,1,1,1,0,0,1,0,1,0,1,1,0,0,1,0,1,1,0,0,1
2979,0,1,0,1,1,1,0,0,1,0,1,0,1,1,0,0,1,0,1,1,0,0,1
2980,1,1,0,1,1,1,1,1,1,1,1,1,1,1,1,1,1,1,1,1,1,1,1
2981,1,1,0,1,1,1,1,1,1,1,1,1,1,1,1,1,1,1,1,1,1,1,1
2982,2,1,0,1,1,1,1,2,2,2,1,2,2,2,2,2,1,2,2,1,1,2,1
2983,0,1,0,1,1,1,1,0,0,0,1,0,0,0,0,0,1,0,0,1,1,0,1
2984,0,1,0,1,1,1,1,0,0,0,1,0,0,0,0,0,1,0,0,1,1,0,1
2985,0,1,0,1,1,1,1,0,0,0,1,0,0,0,0,0,1,0,0,1,1,0,1
2986,0,1,0,1,1,1,1,0,0,0,1,0,0,0,0,0,1,0,0,1,1,0,1
2987,0,1,0,1,1,1,1,0,0,0,1,0,0,0,0,0,1,0,0,1,1,0,1
2988,0,1,0,1,1,1,1,0,0,0,1,0,0,0,0,0,1,0,0,1,1,0,1
-1,-1,-1,-1,-1,-1,-1,-1,-1,-1,-1,-1,-1,-1,-1,-1,-1,-1,-1,-1,-1,-1,-1,-1
3599,0,0,0,0,0,0,0,0,0,0,0,0,0,0,0,0,0,0,0,0,0,0,0
3600,0,0,0,0,0,0,0,0,0,0,0,0,0,0,0,0,0,0,0,0,0,0,0
3601,0,0,0,0,0,0,0,0,0,0,0,0,0,0,0,0,0,0,0,0,0,0,0
3602,0,0,0,0,0,0,0,0,0,0,0,0,0,0,0,0,0,0,0,0,0,0,0
3603,0,0,0,0,0,0,0,0,0,0,0,0,0,0,0,0,0,0,0,0,0,0,0
3604,0,0,0,0,0,0,0,0,0,0,0,0,0,0,0,0,0,0,0,0,0,0,0
3605,0,0,0,0,0,0,0,0,0,0,0,0,0,0,0,0,0,0,0,0,0,0,0
3606,0,0,0,0,0,0,0,0,0,0,0,0,0,0,0,0,0,0,0,0,0,0,0
3607,1,1,0,1,1,1,1,1,1,1,1,1,1,1,1,1,1,1,1,1,1,1,1
3608,2,1,0,1,1,2,2,2,1,2,1,2,2,1,2,2,1,1,1,1,1,2,2
3609,0,1,0,1,1,0,0,0,1,0,1,0,0,1,0,0,1,1,1,1,1,0,0
3610,0,1,0,1,1,0,0,0,1,0,1,0,0,1,0,0,1,1,1,1,2,0,0
3611,0,1,0,1,1,0,0,0,1,0,1,0,0,1,0,0,1,1,1,1,0,0,0
3612,0,1,0,1,1,0,0,0,1,0,1,0,0,1,0,0,1,1,1,1,0,0,0
3613,0,1,0,1,1,0,0,0,1,0,1,0,0,1,0,0,1,1,1,1,0,0,0
3614,0,1,0,1,1,0,0,0,1,0,1,0,0,1,0,0,1,1,1,1,0,0,0
3615,0,1,0,1,1,0,0,0,1,0,1,0,0,1,0,0,1,1,1,1,0,0,0
3616,0,1,0,1,1,0,0,0,1,0,1,0,0,1,0,0,1,1,1,1,0,0,0
3617,0,1,0,1,1,0,0,0,1,0,1,0,0,1,0,0,1,1,1,1,0,0,0
3618,0,1,0,1,1,0,0,0,1,0,1,0,0,1,0,0,1,1,1,1,0,0,0
-1,-1,-1,-1,-1,-1,-1,-1,-1,-1,-1,-1,-1,-1,-1,-1,-1,-1,-1,-1,-1,-1,-1,-1
3927,0,0,0,0,0,0,0,0,0,0,0,0,0,0,0,0,0,0,0,0,0,0,0
3928,0,0,0,0,0,0,0,0,0,0,0,0,0,0,0,0,0,0,0,0,0,0,0
3929,0,0,0,0,0,0,0,0,0,0,0,0,0,0,0,0,0,0,0,0,0,0,0
3930,0,0,0,0,0,0,0,0,0,0,0,0,0,0,0,0,0,0,0,0,0,0,0
3931,0,0,0,0,0,0,0,0,0,0,0,0,0,0,0,0,0,0,0,0,0,0,0
3932,1,1,0,1,1,1,1,1,1,1,1,1,1,1,1,1,1,1,1,1,1,1,1
3933,1,1,0,1,1,1,1,1,1,1,1,1,1,1,1,1,1,1,1,1,1,1,1
3934,1,1,0,1,1,1,1,1,1,1,1,1,1,1,1,1,1,1,1,1,1,1,1
3935,1,1,0,1,1,1,1,1,1,1,1,1,1,1,1,1,1,1,1,1,1,1,1
3936,2,1,0,2,1,2,2,2,1,2,1,2,1,1,2,2,1,1,1,1,1,2,1
3937,0,1,0,0,1,0,0,0,1,0,1,0,1,1,0,0,1,1,1,1,1,0,1
3938,0,1,0,0,1,0,0,0,1,0,1,0,1,1,0,0,1,1,1,1,1,0,1
3939,0,1,0,0,1,0,0,0,1,0,1,0,1,1,0,0,1,1,1,1,1,0,1
3940,0,1,0,0,1,0,0,0,1,0,1,0,1,1,0,0,1,1,1,1,1,0,1
3941,0,1,0,0,1,0,0,0,1,0,1,0,1,1,0,0,1,1,1,1,1,0,1
3942,0,1,0,0,1,0,0,0,1,0,1,0,1,1,0,0,1,1,1,1,1,0,1
3943,0,1,0,0,1,0,0,0,1,0,1,0,1,1,0,0,1,1,1,1,1,0,1
3944,0,1,0,1,1,0,0,1,1,0,1,0,1,1,0,0,1,1,1,1,1,0,1
3945,0,1,0,1,1,0,0,1,1,0,1,0,1,1,0,0,1,1,1,1,1,0,1
3946,0,1,0,1,1,0,0,1,1,0,1,0,1,1,0,0,1,1,1,1,1,0,1
3947,0,1,0,1,1,0,0,1,1,0,1,0,1,1,0,0,1,1,1,1,1,0,1
3948,0,1,0,1,1,0,0,1,1,0,1,0,1,1,0,0,1,1,1,1,1,0,1
3949,0,1,0,1,1,0,0,1,1,0,1,0,1,1,0,0,1,1,1,1,1,0,1
3950,0,1,0,1,1,0,0,1,1,0,1,0,1,1,0,0,1,1,1,1,1,0,1
3951,0,1,0,1,1,0,0,1,1,0,1,0,1,1,0,0,1,1,1,1,1,0,1
3952,0,1,0,1,1,0,0,1,1,1,1,0,1,1,1,0,1,1,1,1,1,0,1
3953,0,1,0,1,1,0,0,1,1,1,1,0,1,1,1,0,1,1,1,1,1,0,1
3954,0,1,0,2,2,0,0,2,2,2,2,0,2,2,2,0,2,2,2,2,2,0,2
3955,0,1,0,0,0,0,0,0,0,0,0,0,0,0,0,0,0,0,0,0,0,0,0
3956,0,1,0,0,0,0,0,0,0,0,0,0,0,0,0,0,0,0,0,0,0,0,0
3957,0,1,0,0,0,0,0,0,0,0,0,0,0,0,0,0,0,0,0,0,0,0,0
3958,0,2,0,0,0,0,0,0,0,0,0,0,0,0,0,0,0,0,0,0,0,0,0
3959,0,0,0,0,0,0,0,0,0,0,0,0,0,0,0,0,0,0,0,0,0,0,0
3960,0,0,0,0,0,0,0,0,0,0,0,0,0,0,0,0,0,0,0,0,0,0,0
3961,0,0,0,0,0,0,0,0,0,0,0,0,0,0,0,0,0,0,0,0,0,0,0
3962,0,0,0,0,0,0,0,0,0,0,0,0,0,0,0,0,0,0,0,0,0,0,0
-1,-1,-1,-1,-1,-1,-1,-1,-1,-1,-1,-1,-1,-1,-1,-1,-1,-1,-1,-1,-1,-1,-1,-1
6089,0,0,0,0,0,0,0,0,0,1,0,0,1,0,1,0,0,1,1,0,1,0,0
6090,0,0,0,0,0,0,0,0,0,2,0,0,2,0,2,0,0,2,2,0,2,0,0
6091,0,0,0,0,0,0,0,0,0,0,0,0,0,0,0,0,0,0,0,0,0,0,0
6092,0,0,0,0,0,0,0,0,0,0,0,0,0,0,0,0,0,0,0,0,0,0,0
6093,0,0,0,0,0,0,0,0,0,0,0,0,0,0,0,0,0,0,0,0,0,0,0
6094,0,0,0,0,0,0,0,0,0,0,0,0,0,0,0,0,0,0,0,0,0,0,0
6095,1,1,0,1,1,1,1,1,1,1,1,1,1,1,1,1,1,1,1,1,1,1,1
6096,1,1,0,1,1,1,1,1,1,1,1,1,1,1,1,1,1,1,1,1,1,1,1
6097,1,1,0,1,1,1,1,1,1,1,1,1,1,1,1,1,1,1,1,1,1,1,1
6098,2,1,0,1,2,2,2,2,1,1,2,2,2,2,2,1,1,1,1,1,1,2,1
6099,0,1,0,1,0,0,0,0,1,1,0,0,0,0,0,1,1,1,1,1,1,0,1
6100,0,1,0,1,0,0,0,0,1,1,0,0,0,0,0,1,1,1,1,1,1,0,1
6101,0,1,0,1,0,0,0,0,1,1,0,0,0,0,0,1,1,1,1,1,1,0,1
6102,0,1,0,1,0,0,0,0,1,1,0,0,0,0,0,1,1,1,1,1,1,0,1
6103,0,1,0,1,0,0,0,0,1,1,0,0,0,0,0,1,1,1,1,1,1,0,1
6104,0,2,0,2,0,0,0,0,2,2,0,0,0,0,0,2,2,2,2,2,2,0,2
6105,0,0,0,0,0,0,0,0,0,0,0,0,0,0,0,0,0,0,0,0,0,0,0
6106,0,0,0,0,0,0,0,0,0,0,0,0,0,0,0,0,0,0,0,0,0,0,0
6107,0,0,0,0,0,0,0,0,0,0,0,0,0,0,0,0,0,0,0,0,0,0,0
6108,0,0,0,0,0,0,0,0,0,0,0,0,0,0,0,0,0,0,0,0,0,0,0
6109,0,0,0,0,0,0,0,0,0,0,0,0,0,0,0,0,0,0,0,0,0,0,0
6110,0,0,0,0,0,0,0,0,0,0,0,0,0,0,0,0,0,0,0,0,0,0,0
6111,0,0,0,0,0,0,0,0,0,0,0,0,0,0,0,0,0,0,0,0,0,0,0
6112,0,0,0,0,0,0,0,0,0,0,0,0,0,0,0,0,0,0,0,0,0,0,0
6113,0,0,0,0,0,0,0,0,0,0,0,0,0,0,0,0,0,0,0,0,0,0,0
-1,-1,-1,-1,-1,-1,-1,-1,-1,-1,-1,-1,-1,-1,-1,-1,-1,-1,-1,-1,-1,-1,-1,-1
6183,2,1,0,1,1,2,2,2,1,2,1,2,2,2,2,2,1,1,2,1,1,2,2
6184,0,1,0,1,1,0,0,0,1,0,1,0,0,0,0,0,1,1,0,1,1,0,0
6185,0,1,0,1,1,0,0,0,1,0,1,0,0,0,0,0,1,1,0,1,1,0,0
6186,0,1,0,1,1,0,0,0,1,0,1,0,0,0,0,0,1,1,0,1,1,0,0
6187,0,1,0,1,1,0,0,0,1,0,1,0,0,0,0,0,1,1,0,1,1,0,0
6188,0,1,0,1,1,0,0,0,1,0,1,0,0,0,0,0,1,1,0,1,1,0,0
6189,0,1,0,1,1,0,0,0,1,0,1,0,0,0,0,0,1,1,0,1,1,0,0
6190,0,1,0,1,1,0,0,0,1,0,1,0,0,0,0,0,1,1,0,1,1,0,0
6191,0,1,0,1,1,0,0,0,1,0,1,0,0,0,0,0,1,1,0,1,1,0,0
6192,0,1,0,1,1,0,0,0,1,0,1,0,0,0,0,0,1,1,0,1,1,0,0
6193,0,1,0,1,1,0,0,0,1,0,1,0,0,1,1,0,1,1,0,1,1,0,0
6194,0,1,0,2,2,0,0,0,2,0,2,0,0,2,2,0,2,1,0,2,2,0,0
6195,0,1,0,0,0,0,0,0,0,0,0,0,0,0,0,0,0,1,0,0,0,0,0
6196,0,1,0,0,0,0,0,0,0,0,0,0,0,0,0,0,0,1,0,0,0,0,0
6197,0,1,0,0,0,0,0,0,0,0,0,0,0,0,0,0,0,1,0,0,0,0,0
6198,0,1,0,0,0,0,0,0,0,0,0,0,0,0,0,0,0,1,0,0,0,0,0
6199,0,1,0,0,0,0,0,0,0,0,0,0,0,0,0,0,0,1,0,0,0,0,0
6200,0,1,0,0,0,0,0,0,0,0,0,0,0,0,0,0,0,1,0,0,0,0,0
6201,0,1,0,0,0,0,0,0,0,0,0,0,0,0,0,0,0,1,0,0,0,0,0
6202,1,1,0,1,1,1,1,1,1,1,1,1,1,1,1,1,1,1,1,1,1,1,1
-1,-1,-1,-1,-1,-1,-1,-1,-1,-1,-1,-1,-1,-1,-1,-1,-1,-1,-1,-1,-1,-1,-1,-1
6920,0,1,0,0,0,0,0,0,0,0,0,0,0,0,0,0,0,0,0,0,0,0,0
6921,0,1,0,0,0,0,0,0,0,0,0,0,0,0,0,0,0,0,0,0,0,0,0
6922,0,1,0,0,0,0,0,0,0,0,0,0,0,0,0,0,0,0,0,0,0,0,0
6923,0,1,0,0,0,0,0,0,0,0,0,0,0,0,0,0,0,0,0,0,0,0,0
6924,0,1,0,0,0,0,0,0,0,0,0,0,0,0,0,0,0,0,0,0,0,0,0
6925,0,1,0,0,0,0,0,0,0,0,0,0,0,0,0,0,0,0,0,0,0,0,0
6926,0,1,0,0,0,0,0,0,0,0,0,0,0,0,0,0,0,0,0,0,0,0,0
6927,0,1,0,0,0,0,0,0,0,0,0,0,0,0,0,0,0,0,0,0,0,0,0
6928,1,1,0,1,1,1,1,1,1,1,1,1,1,1,1,1,1,1,1,1,1,1,1
6929,2,1,0,1,1,2,2,1,1,2,1,2,2,1,2,1,1,1,2,1,2,2,1
6930,0,1,0,1,1,0,0,1,1,0,1,0,0,1,0,1,1,1,0,1,0,0,1
6931,0,1,0,1,1,0,0,1,1,0,1,0,0,1,0,1,1,1,0,1,0,0,1
6932,0,1,0,1,1,0,0,1,1,0,1,0,0,1,0,1,1,1,0,1,0,0,1
6933,0,1,0,1,1,0,0,1,1,0,1,0,0,1,0,1,1,1,0,1,0,0,1
6934,0,1,0,1,1,0,0,1,1,0,1,0,0,1,0,1,1,1,0,1,0,0,1
6935,0,1,0,1,1,0,0,1,1,0,1,0,0,1,0,1,1,1,0,1,0,0,1
6936,0,1,0,1,1,0,0,1,1,0,1,0,0,1,0,1,1,1,0,1,0,0,1
6937,0,1,0,1,1,0,0,1,1,0,1,0,0,1,0,1,1,1,0,1,0,0,1
6938,0,1,0,1,1,0,0,1,1,0,1,0,0,1,0,1,1,1,0,1,0,0,1
6939,0,1,0,1,1,0,0,1,1,0,1,0,0,1,0,1,1,1,0,1,0,0,1
6940,0,1,0,1,1,0,0,1,1,0,1,0,0,1,0,1,1,1,0,1,0,0,1
6941,0,1,0,1,1,0,0,1,1,0,1,0,0,1,0,1,1,1,0,1,0,0,1
6942,0,1,0,1,1,0,0,1,1,0,1,0,0,1,0,1,1,1,0,1,0,0,1
6943,0,1,0,1,1,0,0,1,1,0,1,0,0,1,0,1,1,1,0,1,0,0,1
6944,1,1,0,1,1,1,1,1,1,1,1,1,1,1,1,1,1,1,1,1,1,1,1
6945,1,1,1,1,1,1,1,1,1,1,1,1,1,1,1,1,1,1,1,1,1,1,1
6946,1,1,0,1,1,1,1,1,1,1,1,1,1,1,1,1,1,1,1,1,1,1,1
6947,1,1,0,1,1,1,1,1,1,1,1,1,1,1,1,1,1,1,1,1,1,1,1
6948,1,1,0,1,1,1,1,1,1,1,1,1,1,1,1,1,1,1,1,1,1,1,1
6949,1,1,0,1,1,1,1,1,1,1,1,1,1,1,1,1,1,1,1,1,1,1,1
6950,1,1,0,1,1,1,1,1,1,1,1,1,1,1,1,1,1,1,1,1,1,1,1
6951,1,1,0,1,1,1,1,1,1,1,1,1,1,1,1,1,1,1,1,1,1,1,1
6952,1,1,0,1,1,1,1,1,1,1,1,1,1,1,1,1,1,1,1,1,1,1,1
-1,-1,-1,-1,-1,-1,-1,-1,-1,-1,-1,-1,-1,-1,-1,-1,-1,-1,-1,-1,-1,-1,-1,-1
7425,0,0,0,0,0,0,0,0,0,0,0,0,0,0,0,0,0,0,0,0,0,0,0
7426,0,0,0,0,0,0,0,0,0,0,0,0,0,0,0,0,0,0,0,0,0,0,0
7427,0,0,0,0,0,0,0,0,0,0,0,0,0,0,0,0,0,0,0,0,0,0,0
7428,0,0,0,0,0,0,0,0,0,0,0,0,0,0,0,0,0,0,0,0,0,0,0
7429,0,0,0,0,0,0,0,0,0,0,0,0,0,0,0,0,0,0,0,0,0,0,0
7430,1,1,0,1,1,1,1,1,1,1,1,1,1,1,1,1,1,1,1,1,1,1,1
7431,1,1,0,1,1,1,1,1,1,1,1,1,2,1,1,1,2,1,1,1,1,1,2
7432,1,1,0,1,1,1,1,1,1,1,1,1,0,2,1,1,0,1,1,1,1,2,0
7433,1,1,0,1,1,1,1,1,1,1,1,1,0,0,1,1,0,1,1,1,1,0,0
7434,1,1,0,1,1,1,1,1,1,1,1,1,0,0,1,1,0,1,1,1,1,0,0
7435,2,1,0,1,1,1,1,1,1,1,1,1,0,0,1,1,0,1,1,1,2,0,0
7436,0,1,0,1,1,1,1,1,1,1,1,1,0,0,1,1,0,1,1,1,0,0,0
7437,0,1,0,1,1,1,1,1,1,1,1,1,0,0,1,1,0,1,1,1,0,0,0
7438,0,1,0,1,1,1,1,1,1,1,1,1,0,0,1,1,0,1,1,1,0,0,0
7439,0,2,0,2,2,2,2,2,2,2,2,2,0,0,2,2,0,2,2,2,0,0,0
7440,0,0,0,0,0,0,0,0,0,0,0,0,0,0,0,0,0,0,0,0,0,0,0
7441,0,0,0,0,0,0,0,0,0,0,0,0,0,0,0,0,0,0,0,0,0,0,0
7442,0,0,0,0,0,0,0,0,0,0,0,0,0,0,0,0,0,0,0,0,0,0,0
7443,0,0,0,0,0,0,0,0,0,0,0,0,0,0,0,0,0,0,0,0,0,0,0
7444,0,0,0,0,0,0,0,0,0,0,0,0,0,0,0,0,0,0,0,0,0,0,0
7445,0,0,0,0,0,0,0,0,0,0,0,0,0,0,0,0,0,0,0,0,0,0,0
7446,0,0,0,0,0,0,0,0,0,0,0,0,0,0,0,0,0,0,0,0,0,0,0
7447,0,0,0,0,0,0,0,0,0,0,0,0,0,0,0,0,0,0,0,0,0,0,0
7448,0,0,0,0,0,0,0,0,0,0,0,0,0,0,0,0,0,0,0,0,0,0,0
-1,-1,-1,-1,-1,-1,-1,-1,-1,-1,-1,-1,-1,-1,-1,-1,-1,-1,-1,-1,-1,-1,-1,-1
7625,1,1,0,1,1,0,1,1,1,1,1,1,0,1,1,1,1,1,1,1,1,0,1
7626,1,1,0,1,1,0,1,1,1,1,1,1,0,1,1,1,1,1,1,1,1,0,1
7627,1,1,0,1,1,0,1,1,1,1,1,1,0,1,1,1,1,1,1,1,1,0,1
7628,2,1,0,2,1,0,2,2,2,2,1,2,0,1,2,2,1,2,1,1,1,0,1
7629,0,1,0,0,1,0,0,0,0,0,1,0,0,1,0,0,1,0,1,1,1,0,1
7630,0,1,0,0,1,0,0,0,0,0,1,0,0,1,0,0,1,0,1,1,1,0,1
7631,0,1,0,0,1,0,0,0,0,0,1,0,0,1,0,0,1,0,1,1,1,0,1
7632,0,1,0,0,1,0,0,0,0,0,1,0,0,1,0,0,1,0,1,1,1,0,1
7633,1,1,0,1,1,1,1,1,1,1,1,1,1,1,1,1,1,1,1,1,1,1,1
7634,2,1,0,2,1,2,1,2,1,2,1,1,2,1,1,1,2,1,2,1,2,2,1
7635,0,1,0,0,1,0,1,0,1,0,1,1,0,1,1,1,0,1,0,1,0,0,1
7636,0,1,0,0,1,0,1,0,1,0,1,1,0,1,1,1,0,1,0,1,0,0,1
7637,0,1,0,0,1,0,1,0,1,0,1,1,0,1,1,1,0,1,0,1,0,0,1
7638,0,1,0,0,1,0,1,0,1,0,1,1,0,1,1,1,0,1,0,1,0,0,1
7639,0,1,0,0,1,0,1,0,1,0,1,1,0,1,1,1,0,1,0,1,0,0,1
7640,0,1,0,0,1,0,1,0,1,0,1,1,0,1,1,1,0,1,0,1,0,0,1
7641,0,1,0,0,1,0,1,0,1,0,1,1,0,1,1,1,0,1,0,1,0,0,1
7642,0,1,0,0,1,0,1,0,1,0,1,1,0,1,1,1,0,1,0,1,0,0,1
7643,0,1,0,0,1,0,1,0,1,1,1,1,1,1,1,1,0,1,1,1,0,0,1
7644,0,1,0,0,1,0,1,0,1,1,1,1,1,1,1,1,0,1,1,1,0,0,1
7645,0,1,0,0,1,0,1,0,1,1,1,1,1,1,1,1,0,1,1,1,0,0,1
7646,0,1,0,0,1,0,1,0,1,1,1,1,1,1,1,1,0,1,1,1,0,0,1
7647,0,1,0,0,1,0,1,0,1,1,1,1,1,1,1,1,0,1,1,1,0,0,1
7648,0,1,0,0,1,0,1,0,1,1,1,1,1,1,1,1,0,1,1,1,0,0,1
7649,1,1,0,1,1,1,1,1,1,1,1,1,1,1,1,1,1,1,1,1,1,1,1
7650,1,1,1,1,1,1,1,1,1,1,1,1,1,1,1,1,1,1,1,1,1,1,1
7651,1,1,0,1,1,1,1,1,1,1,1,1,1,1,1,1,1,1,1,1,1,1,1
7652,1,1,0,1,1,1,1,1,1,1,1,1,1,1,1,1,1,1,1,1,1,1,1
7653,1,1,0,1,1,1,1,1,1,1,1,1,1,1,1,1,1,1,1,1,1,1,1
7654,1,1,0,1,1,1,1,1,1,1,1,1,1,1,1,1,1,1,1,1,1,1,1
7655,1,1,0,1,1,1,1,1,1,1,1,1,1,1,1,1,1,1,1,1,1,1,1
7656,1,1,0,1,1,1,1,1,1,1,1,1,1,1,1,1,1,1,1,1,1,1,1
7657,1,1,0,1,1,1,1,1,1,1,1,1,1,1,1,1,1,1,1,1,1,1,1
-1,-1,-1,-1,-1,-1,-1,-1,-1,-1,-1,-1,-1,-1,-1,-1,-1,-1,-1,-1,-1,-1,-1,-1
7909,0,0,0,0,0,0,0,0,0,0,0,0,0,0,0,0,0,0,0,0,0,0,0
7910,0,0,0,0,0,0,0,0,0,0,0,0,0,0,0,0,0,0,0,0,0,0,0
7911,0,0,0,0,0,0,0,0,0,0,0,0,0,0,0,0,0,0,0,0,0,0,0
7912,0,0,0,0,0,0,0,0,0,0,0,0,0,0,0,0,0,0,0,0,0,0,0
7913,0,0,0,0,0,0,0,0,0,0,0,0,0,0,0,0,0,0,0,0,0,0,0
7914,0,0,0,0,0,0,0,0,0,0,0,0,0,0,0,0,0,0,0,0,0,0,0
7915,1,1,0,1,1,1,1,1,1,1,1,1,1,1,1,1,1,1,1,1,1,1,1
7916,1,1,0,1,1,1,1,1,1,1,1,1,1,1,1,1,1,1,1,1,1,1,1
7917,1,1,0,1,1,1,1,1,1,1,1,1,1,1,1,1,1,1,1,1,1,1,1
7918,2,1,0,1,2,2,1,2,1,1,1,2,2,2,2,1,1,1,1,1,1,2,2
7919,0,1,0,1,0,0,1,0,1,1,1,0,0,0,0,1,1,1,1,1,1,0,0
7920,0,1,0,1,0,0,1,0,1,1,1,0,0,0,0,1,1,1,1,1,1,0,0
7921,0,1,0,1,0,0,1,0,1,1,1,0,0,0,0,1,1,1,1,1,1,0,0
7922,0,1,0,1,0,0,1,0,1,1,1,0,0,0,0,1,1,1,1,1,1,0,0
7923,0,1,0,1,0,0,1,0,1,1,1,0,0,0,0,1,1,1,1,1,1,0,0
7924,0,1,0,1,0,0,1,0,1,1,1,0,0,0,0,1,1,1,1,1,1,0,0
7925,0,1,0,1,0,0,1,0,1,1,1,0,0,0,0,1,1,1,1,1,1,0,0
7926,0,1,0,1,0,0,1,0,1,1,1,0,0,0,0,1,1,1,1,1,1,0,0
7927,0,2,0,2,0,0,2,0,2,2,2,0,0,0,0,1,2,2,2,2,2,0,0
7928,0,0,0,0,0,0,0,0,0,0,0,0,0,0,0,1,0,0,0,0,0,0,0
7929,0,0,0,0,0,0,0,0,0,0,0,0,0,0,0,1,0,0,0,0,0,0,0
7930,0,0,0,0,0,0,0,0,0,0,0,0,0,0,0,1,0,0,0,0,0,0,0
7931,0,0,0,0,0,0,0,0,0,0,0,0,0,0,0,1,0,0,0,0,0,0,0
7932,0,0,0,0,0,0,0,0,0,0,0,0,0,0,0,1,0,0,0,0,0,0,0
7933,1,1,0,1,1,1,1,1,1,1,1,1,1,1,1,1,1,1,1,1,1,1,1
7934,1,1,0,1,1,1,1,1,1,1,1,1,1,1,1,1,1,1,1,1,1,1,1
7935,1,1,0,1,1,1,1,1,1,1,1,1,1,1,1,1,1,1,1,1,1,1,1
7936,1,1,0,1,1,1,1,1,1,1,1,1,1,1,1,1,1,1,1,1,1,1,1
-1,-1,-1,-1,-1,-1,-1,-1,-1,-1,-1,-1,-1,-1,-1,-1,-1,-1,-1,-1,-1,-1,-1,-1
7933,1,1,0,1,1,1,1,1,1,1,1,1,1,1,1,1,1,1,1,1,1,1,1
7934,1,1,0,1,1,1,1,1,1,1,1,1,1,1,1,1,1,1,1,1,1,1,1
7935,1,1,0,1,1,1,1,1,1,1,1,1,1,1,1,1,1,1,1,1,1,1,1
7936,1,1,0,1,1,1,1,1,1,1,1,1,1,1,1,1,1,1,1,1,1,1,1
7937,1,1,0,1,1,1,1,1,1,1,1,1,1,1,1,1,1,1,1,1,1,1,1
7938,1,1,0,1,1,1,1,1,1,1,1,1,1,1,1,1,1,1,1,1,1,1,1
7939,1,1,0,1,1,1,1,1,1,1,1,1,1,1,1,1,1,1,1,1,1,1,1
7940,1,1,0,1,1,1,1,1,1,1,1,1,1,1,1,1,1,1,1,1,1,1,1
7941,1,1,0,1,2,2,1,2,1,1,1,2,1,2,1,2,1,1,1,1,1,1,1
7942,1,1,0,1,0,0,1,0,1,1,1,0,1,0,1,0,1,1,1,1,1,1,1
7943,2,1,0,1,0,0,1,0,1,1,1,0,1,0,1,0,1,1,1,1,1,1,1
7944,0,1,0,1,0,0,1,0,1,1,1,0,1,0,1,0,1,1,1,1,1,1,1
7945,0,1,0,1,0,0,1,0,1,1,1,0,1,0,1,0,1,1,1,1,1,1,1
7946,0,1,0,1,0,0,1,0,1,1,1,0,1,0,1,0,1,1,1,1,1,1,1
7947,0,1,0,1,0,0,1,0,1,1,1,0,1,0,1,0,1,1,1,1,1,1,1
7948,0,2,0,2,0,0,2,0,2,2,2,0,2,0,2,0,2,2,2,2,2,2,2
7949,0,0,0,0,0,0,0,0,0,0,0,0,0,0,0,0,0,0,0,0,0,0,0
7950,0,0,0,0,0,0,0,0,0,0,0,0,0,0,0,0,0,0,0,0,0,0,0
7951,0,0,0,0,0,0,0,0,0,0,0,0,0,0,0,0,0,0,0,0,0,0,0
7952,0,0,0,0,0,0,0,0,0,0,0,0,0,0,0,0,0,0,0,0,0,0,0
7953,0,0,0,0,0,0,0,0,0,0,0,0,0,0,0,0,0,0,0,0,0,0,0
7954,0,0,0,0,0,0,0,0,0,0,0,0,0,0,0,0,0,0,0,0,0,0,0
7955,0,0,0,0,0,0,0,0,0,0,0,0,0,0,0,0,0,0,0,0,0,0,0
7956,0,0,0,0,0,0,0,0,0,0,0,0,0,0,0,0,0,0,0,0,0,0,0
7957,1,1,0,1,1,1,1,1,1,1,1,1,1,1,1,1,1,1,1,1,1,1,1
-1,-1,-1,-1,-1,-1,-1,-1,-1,-1,-1,-1,-1,-1,-1,-1,-1,-1,-1,-1,-1,-1,-1,-1
8095,1,1,0,1,1,1,1,1,1,1,1,1,1,1,1,1,1,1,1,1,1,1,1
8096,1,1,0,1,1,1,1,1,1,1,1,1,1,1,1,1,1,1,1,1,1,1,1
8097,1,1,0,1,1,1,1,1,1,1,1,1,1,1,1,1,1,1,1,1,1,1,1
8098,1,1,0,1,1,1,1,1,1,1,1,1,1,1,1,1,1,1,1,1,1,1,1
8099,1,1,0,1,1,1,1,1,1,1,1,1,1,1,1,1,1,1,1,1,1,1,1
8100,1,1,0,1,1,1,1,1,1,1,1,1,1,1,1,1,1,1,1,1,1,1,1
8101,1,1,0,1,1,1,1,2,1,1,1,2,1,1,1,1,1,1,1,1,1,2,1
8102,1,1,0,1,1,1,1,0,1,1,1,0,1,1,1,1,1,1,1,1,1,0,1
8103,1,1,0,1,1,2,2,0,1,1,1,0,1,1,1,2,1,1,1,1,1,0,1
8104,1,1,0,1,1,0,0,0,1,1,1,0,1,1,1,0,1,1,1,1,1,0,1
8105,2,1,0,1,1,0,0,0,1,1,1,0,1,1,1,0,1,1,1,1,1,0,1
8106,0,1,0,1,1,0,0,0,1,1,1,0,1,1,1,0,1,1,1,1,1,0,1
8107,0,1,0,1,1,0,0,0,1,1,1,0,1,1,1,0,1,1,1,1,1,0,1
8108,0,1,0,1,1,0,0,0,1,1,1,0,1,1,1,0,1,1,1,1,1,0,1
8109,0,1,0,1,1,0,0,0,1,1,1,0,1,1,1,0,1,1,1,1,1,0,1
8110,0,1,0,1,1,0,0,0,1,1,1,0,1,1,1,0,1,1,1,1,1,0,1
8111,0,1,0,1,1,0,0,0,1,1,1,0,1,1,1,0,1,1,1,1,1,0,1
8112,0,1,0,1,1,0,0,0,1,1,1,0,1,1,1,0,1,1,1,1,1,0,1
8113,0,1,0,1,1,0,0,0,1,1,1,0,1,1,1,0,1,1,1,1,1,0,1
8114,0,1,0,1,1,0,0,0,1,1,1,0,1,1,1,0,1,1,1,1,1,0,1
8115,0,1,0,1,1,0,0,0,1,1,1,0,1,1,1,0,1,1,1,1,1,0,1
8116,0,1,0,1,1,0,0,0,1,1,1,0,1,1,1,0,1,1,1,1,1,0,1
8117,1,1,0,1,1,1,1,1,1,1,1,1,1,1,1,1,1,1,1,1,1,1,1
8118,1,1,1,1,1,1,1,1,1,1,1,1,1,1,1,1,1,1,1,1,1,1,1
8119,1,1,0,1,1,1,1,1,1,1,1,1,1,1,1,1,1,1,1,1,1,1,1
8120,1,1,0,1,1,1,1,1,1,1,1,1,1,1,1,1,1,1,1,1,1,1,1
8121,1,1,0,1,1,1,1,1,1,1,1,1,1,1,1,1,1,1,1,1,1,1,1
8122,1,1,0,1,1,1,1,1,1,1,1,1,1,1,1,1,1,1,1,1,1,1,1
8123,1,1,0,1,1,1,1,1,1,1,1,1,1,1,1,1,1,1,1,1,1,1,1
8124,1,1,0,1,1,1,1,1,1,1,1,1,1,1,1,1,1,1,1,1,1,1,1
8125,1,1,0,1,1,1,1,1,1,1,1,1,1,1,1,1,1,1,1,1,1,1,1
-1,-1,-1,-1,-1,-1,-1,-1,-1,-1,-1,-1,-1,-1,-1,-1,-1,-1,-1,-1,-1,-1,-1,-1
8645,0,0,0,0,0,0,0,0,0,0,0,0,0,0,0,0,0,0,0,0,0,0,0
8646,0,0,0,0,0,0,0,0,0,0,0,0,0,0,0,0,0,0,0,0,0,0,0
8647,0,0,0,0,0,0,0,0,0,0,0,0,0,0,0,0,0,0,0,0,0,0,0
8648,0,0,0,0,0,0,0,0,0,0,0,0,0,0,0,0,0,0,0,0,0,0,0
8649,0,0,0,0,0,0,0,0,0,0,0,0,0,0,0,0,0,0,0,0,0,0,0
8650,0,0,0,0,0,0,0,0,0,0,0,0,0,0,0,0,0,0,0,0,0,0,0
8651,0,0,0,0,0,0,0,0,0,0,0,0,0,0,0,0,0,0,0,0,0,0,0
8652,1,1,0,1,1,1,1,1,1,1,1,1,1,1,1,1,1,1,1,1,1,1,1
8653,1,1,0,1,2,2,1,1,2,1,1,1,2,1,2,1,1,1,2,1,2,1,1
8654,1,1,0,1,0,0,1,1,0,1,1,1,0,1,0,1,1,1,0,1,0,1,1
8655,2,1,0,1,0,0,1,1,0,1,1,1,0,1,0,1,1,1,0,1,0,1,1
8656,0,1,0,1,0,0,1,1,0,1,1,1,0,1,0,1,1,1,0,1,0,1,1
8657,0,2,0,2,0,0,2,2,0,2,2,2,0,2,0,2,2,2,0,2,0,2,2
8658,0,0,0,0,0,0,0,0,0,0,0,0,0,0,0,0,0,0,0,0,0,0,0
8659,0,0,0,0,0,0,0,0,0,0,0,0,0,0,0,0,0,0,0,0,0,0,0
8660,0,0,0,0,0,0,0,0,0,0,0,0,0,0,0,0,0,0,0,0,0,0,0
8661,0,0,0,0,0,0,0,0,0,0,0,0,0,0,0,0,0,0,0,0,0,0,0
8662,0,0,0,0,0,0,0,0,0,0,0,0,0,0,0,0,0,0,0,0,0,0,0
8663,0,0,0,0,0,0,0,0,0,0,0,0,0,0,0,0,0,0,0,0,0,0,0
8664,0,0,0,0,0,0,0,0,0,0,0,0,0,0,0,0,0,0,0,0,0,0,0
8665,0,0,0,0,0,0,0,0,0,0,0,0,0,0,0,0,0,0,0,0,0,0,0
8666,0,0,0,0,0,0,0,0,0,0,0,0,0,0,0,0,0,0,0,0,0,0,0
-1,-1,-1,-1,-1,-1,-1,-1,-1,-1,-1,-1,-1,-1,-1,-1,-1,-1,-1,-1,-1,-1,-1,-1
8963,0,0,0,0,0,0,0,0,0,0,0,0,0,0,0,0,0,0,0,0,0,0,0
8964,0,0,0,0,0,0,0,0,0,0,0,0,0,0,0,0,0,0,0,0,0,0,0
8965,0,0,0,0,0,0,0,0,0,0,0,0,0,0,0,0,0,0,0,0,0,0,0
8966,1,1,0,1,1,1,1,1,1,1,1,1,1,1,1,1,1,1,1,1,1,1,1
8967,1,1,0,1,1,1,1,1,1,1,1,1,1,1,1,1,1,1,1,1,1,1,1
8968,1,1,0,1,1,1,1,1,1,1,1,1,1,1,1,1,1,1,1,1,1,1,1
8969,1,1,0,1,1,1,1,1,1,1,1,1,1,1,1,1,1,1,1,1,1,1,1
8970,1,1,0,1,1,1,1,1,1,1,1,1,1,1,1,1,1,1,1,1,1,1,1
8971,1,1,0,1,1,1,1,1,1,1,1,1,1,1,1,1,1,1,1,1,1,1,1
8972,2,1,0,2,1,2,1,2,2,1,1,2,1,2,1,2,1,1,1,1,1,1,2
8973,0,1,0,0,1,0,1,0,0,1,1,0,1,0,1,0,1,1,1,1,1,1,0
8974,0,1,0,0,1,0,1,0,0,1,1,0,1,0,1,0,1,1,1,1,1,1,0
8975,0,1,0,0,1,0,1,0,0,1,1,0,1,0,1,0,1,1,1,1,1,1,0
8976,0,2,0,0,2,0,2,0,0,2,2,0,2,0,2,0,2,2,2,2,2,2,0
8977,0,0,0,0,0,0,0,0,0,0,0,0,0,0,0,0,0,0,0,0,0,0,0
8978,0,0,0,0,0,0,0,0,0,0,0,0,0,0,0,0,0,0,0,0,0,0,0
8979,0,0,0,0,0,0,0,0,0,0,0,0,0,0,0,0,0,0,0,0,0,0,0
8980,0,0,0,0,0,0,0,0,0,0,0,0,0,0,0,0,0,0,0,0,0,0,0
8981,0,0,0,0,0,0,0,0,0,0,0,0,0,0,0,0,0,0,0,0,0,0,0
8982,0,0,0,0,0,0,0,0,0,0,0,0,0,0,0,0,0,0,0,0,0,0,0
8983,0,0,0,0,0,0,0,0,0,0,0,0,0,0,0,0,0,0,0,0,0,0,0
8984,0,0,0,0,0,0,0,0,0,0,0,0,0,0,0,0,0,0,0,0,0,0,0
8985,0,0,0,0,0,0,0,0,0,0,0,0,0,0,0,0,0,0,0,0,0,0,0
-1,-1,-1,-1,-1,-1,-1,-1,-1,-1,-1,-1,-1,-1,-1,-1,-1,-1,-1,-1,-1,-1,-1,-1
9001,0,0,0,0,0,0,0,0,0,0,0,0,0,0,0,0,0,0,0,0,0,0,0
9002,0,0,0,0,0,0,0,0,0,0,0,0,0,0,0,0,0,0,0,0,0,0,0
9003,0,0,0,0,0,0,0,0,0,0,0,0,0,0,0,0,0,0,0,0,0,0,0
9004,0,0,0,0,0,0,0,0,0,0,0,0,0,0,0,0,0,0,0,0,0,0,0
9005,0,0,0,0,0,0,0,0,0,0,0,0,0,0,0,0,0,0,0,0,0,0,0
9006,0,0,0,0,0,0,0,0,0,0,0,0,0,0,0,0,0,0,0,0,0,0,0
9007,1,1,0,1,1,1,1,1,1,1,1,1,1,1,1,1,1,1,1,1,1,1,1
9008,1,1,0,1,1,1,1,1,1,1,1,1,1,1,1,1,1,1,1,1,1,1,1
9009,1,1,0,1,2,2,1,1,1,2,1,1,2,1,1,1,1,1,2,1,1,2,1
9010,1,1,0,1,0,0,1,1,1,0,1,1,0,1,1,1,1,1,0,1,1,0,1
9011,2,1,0,1,0,0,1,1,1,0,1,1,0,1,1,1,1,1,0,1,1,0,1
9012,0,1,0,1,0,0,1,1,1,0,1,1,0,1,1,1,1,1,0,1,1,0,1
9013,0,1,0,1,0,0,1,1,1,0,1,1,0,1,1,1,1,1,0,1,1,0,1
9014,0,1,0,1,0,0,1,1,1,0,1,1,0,1,1,1,1,1,0,1,1,0,1
9015,1,1,0,1,1,0,1,1,1,1,1,1,1,1,1,1,1,1,1,1,1,1,1
9016,1,1,0,1,1,0,1,1,1,1,1,1,1,1,1,1,1,1,1,1,1,1,1
9017,1,1,0,1,1,0,1,1,1,1,1,1,1,1,1,1,1,1,1,1,1,1,1
9018,1,1,0,1,1,0,1,1,1,1,1,1,1,1,1,1,1,1,1,1,1,1,1
9019,2,2,0,2,2,0,2,2,2,2,2,2,2,2,2,2,2,2,2,2,2,2,2
9020,0,0,0,0,0,0,0,0,0,0,0,0,0,0,0,0,0,0,0,0,0,0,0
9021,0,0,0,0,0,0,0,0,0,0,0,0,0,0,0,0,0,0,0,0,0,0,0
9022,0,0,0,0,0,0,0,0,0,0,0,0,0,0,0,0,0,0,0,0,0,0,0
9023,0,0,0,0,0,0,0,0,0,0,0,0,0,0,0,0,0,0,0,0,0,0,0
-1,-1,-1,-1,-1,-1,-1,-1,-1,-1,-1,-1,-1,-1,-1,-1,-1,-1,-1,-1,-1,-1,-1,-1
9141,1,1,0,1,1,1,1,1,1,1,1,1,1,1,1,1,1,1,1,1,1,1,1
9142,1,1,0,1,1,1,1,1,1,1,1,1,1,1,1,1,1,1,1,1,1,1,1
9143,1,1,0,1,1,1,1,1,1,1,1,1,1,1,1,1,1,1,1,1,1,1,1
9144,1,1,0,1,1,1,1,1,1,1,1,1,1,1,1,1,1,1,1,1,1,1,1
9145,1,1,0,1,1,1,1,1,1,1,1,1,1,1,1,1,1,1,1,1,1,1,1
9146,1,1,0,1,1,1,1,1,1,1,1,1,1,1,1,1,1,1,1,1,1,1,1
9147,1,1,0,1,1,1,1,1,1,1,1,1,1,1,1,1,1,1,1,1,1,1,1
9148,1,1,0,1,1,1,1,1,1,1,1,1,1,1,1,1,1,1,1,1,1,1,1
9149,1,1,0,1,1,1,1,1,1,1,1,1,1,1,1,1,1,1,1,1,1,1,1
9150,2,1,0,1,1,1,2,2,1,2,1,2,1,1,1,2,1,2,2,1,2,1,1
9151,0,1,0,1,1,1,0,0,1,0,1,0,1,1,1,0,1,0,0,1,0,1,1
9152,0,1,0,1,1,1,0,0,1,0,1,0,1,1,1,0,1,0,0,1,0,1,1
9153,0,1,0,1,1,1,0,0,1,0,1,0,1,1,1,0,1,0,0,1,0,1,1
9154,0,1,0,1,1,1,0,0,1,0,1,0,1,1,1,0,1,0,0,1,0,1,1
9155,0,1,0,1,1,1,0,0,1,0,1,0,1,1,1,0,1,0,0,1,0,1,1
9156,0,1,0,1,1,1,0,0,1,0,1,0,1,1,1,0,1,0,0,1,0,1,1
9157,0,1,0,1,1,1,0,0,1,0,1,0,1,1,1,0,1,0,0,1,0,1,1
9158,0,1,0,1,1,1,0,0,1,0,1,0,1,1,1,0,1,0,0,1,0,1,1
9159,0,1,0,1,1,1,0,0,1,0,1,0,1,1,1,0,1,0,0,1,0,1,1
9160,0,1,0,1,1,1,0,0,1,0,1,0,1,1,1,0,1,0,0,1,0,1,1
9161,0,1,0,1,1,1,0,0,1,0,1,0,1,1,1,0,1,0,0,1,0,1,1
9162,0,1,0,1,1,1,0,0,1,0,1,0,1,1,1,0,1,0,0,1,0,1,1
9163,0,1,0,1,1,1,0,0,1,0,1,0,1,1,1,0,1,0,0,1,0,1,1
9164,0,1,0,1,1,1,0,0,1,0,1,0,1,1,1,0,1,0,0,1,0,1,1
9165,1,1,0,1,1,1,1,1,1,1,1,1,1,1,1,1,1,1,1,1,1,1,1
9166,1,1,0,1,1,1,1,1,1,1,1,1,1,1,1,1,1,1,1,1,1,1,1
9167,1,1,0,1,1,1,1,1,1,1,1,1,1,1,1,1,1,1,1,1,1,1,1
9168,1,1,0,1,1,1,1,1,1,1,1,1,1,1,1,1,1,1,1,1,1,1,1
9169,2,2,0,1,1,1,2,2,1,2,1,2,1,2,1,2,1,2,1,2,1,2,1
9170,0,0,0,1,1,1,0,0,1,0,1,0,1,0,1,0,1,0,1,0,1,0,1
9171,0,0,0,1,1,1,0,0,1,0,1,0,1,0,1,0,1,0,1,0,1,0,1
9172,0,0,0,1,1,1,0,0,1,0,1,0,1,0,1,0,1,0,1,0,1,0,1
9173,0,0,0,1,1,1,0,0,1,0,1,0,1,0,1,0,1,0,1,0,1,0,1
-1,-1,-1,-1,-1,-1,-1,-1,-1,-1,-1,-1,-1,-1,-1,-1,-1,-1,-1,-1,-1,-1,-1,-1
10120,1,1,0,1,1,1,1,1,1,1,1,1,1,1,1,1,1,1,1,1,1,1,1
10121,1,1,0,1,1,1,1,1,1,1,1,1,1,1,1,1,1,1,1,1,1,1,1
10122,1,1,0,1,1,1,1,1,1,1,1,1,1,1,1,1,1,1,1,1,1,1,1
10123,2,2,0,1,1,2,2,1,2,1,1,2,1,2,2,2,1,2,1,1,2,2,2
10124,0,0,0,1,1,0,0,1,0,1,1,0,1,0,0,0,1,0,1,1,0,0,0
10125,0,0,0,1,1,0,0,1,0,1,1,0,1,0,0,0,1,0,1,1,0,0,0
10126,0,0,0,1,1,0,0,1,0,1,1,0,1,0,0,0,1,0,1,1,0,0,0
10127,0,0,0,1,1,0,0,1,0,1,1,0,1,0,0,0,1,0,1,1,0,0,0
10128,0,0,0,1,1,0,0,1,0,1,1,0,1,0,0,0,1,0,1,1,0,0,0
10129,0,0,0,1,1,0,0,1,0,1,1,0,1,0,0,0,1,0,1,1,0,0,0
10130,0,1,0,1,1,0,0,1,0,1,1,0,1,0,0,0,1,0,1,1,1,0,0
10131,0,2,0,2,2,0,0,2,0,2,1,0,2,0,0,0,2,0,2,2,2,0,0
10132,0,0,0,0,0,0,0,0,0,0,1,0,0,0,0,0,0,0,0,0,0,0,0
10133,0,0,0,0,0,0,0,0,0,0,1,0,0,0,0,0,0,0,0,0,0,0,0
10134,0,0,0,0,0,0,0,0,0,0,1,0,0,0,0,0,0,0,0,0,0,0,0
10135,0,0,0,0,0,0,0,0,0,0,1,0,0,0,0,0,0,0,0,0,0,0,0
10136,0,0,0,0,0,0,0,0,0,0,1,0,0,0,0,0,0,0,0,0,0,0,0
10137,0,0,0,0,0,0,0,0,0,0,1,0,0,0,0,0,0,0,0,0,0,0,0
10138,0,0,0,0,0,0,0,0,0,0,1,0,0,0,0,0,0,0,0,0,0,0,0
10139,0,0,0,0,0,0,0,0,0,0,1,0,0,0,0,0,0,0,0,0,0,0,0
-1,-1,-1,-1,-1,-1,-1,-1,-1,-1,-1,-1,-1,-1,-1,-1,-1,-1,-1,-1,-1,-1,-1,-1
10266,0,0,0,0,0,0,0,0,0,0,0,0,0,0,0,1,0,0,0,0,0,0,0
10267,0,0,0,0,0,0,0,0,0,0,0,0,0,0,0,1,0,0,0,0,0,0,0
10268,0,0,0,0,0,0,0,0,0,0,0,0,0,0,0,1,0,0,0,0,0,0,0
10269,0,0,0,0,0,0,0,0,0,0,0,0,0,0,0,1,0,0,0,0,0,0,0
10270,1,1,0,1,1,1,1,1,1,1,1,1,1,1,1,1,1,1,1,1,1,1,1
10271,1,1,0,1,1,1,1,1,1,1,1,1,1,1,1,1,1,1,1,1,1,2,1
10272,1,1,0,1,1,1,1,1,1,1,1,1,1,1,1,1,1,1,1,1,1,0,1
10273,1,1,0,1,1,1,1,1,1,1,1,1,1,1,1,1,1,1,1,1,1,0,1
10274,1,1,0,1,1,2,2,2,1,2,1,2,1,1,1,2,1,1,1,1,1,0,1
10275,1,1,0,1,1,0,0,0,1,0,1,0,1,1,1,0,1,1,1,1,1,0,1
10276,2,1,0,1,1,0,0,0,1,0,1,0,1,1,1,0,1,1,1,1,1,0,1
10277,0,1,0,1,1,0,0,0,1,0,1,0,1,1,1,0,1,1,1,1,1,0,1
10278,0,1,0,1,1,0,0,0,1,0,1,0,1,1,1,0,1,1,1,1,1,0,1
10279,0,1,0,1,1,0,0,0,1,0,1,0,1,1,1,0,1,1,1,1,1,0,1
10280,0,1,0,1,1,0,0,0,1,0,1,0,1,1,1,0,1,1,1,1,1,0,1
10281,0,1,0,1,1,0,0,0,1,0,1,0,1,1,1,0,1,1,1,1,1,0,1
10282,0,1,0,1,1,0,0,0,1,0,1,0,1,1,1,0,1,1,1,1,1,0,1
10283,0,1,0,1,1,0,0,0,1,0,1,0,1,1,1,0,1,1,1,1,1,0,1
10284,0,1,0,1,1,0,0,0,1,0,1,0,1,1,1,0,1,1,1,1,1,0,1
10285,0,1,0,1,1,0,0,0,1,0,1,0,1,1,1,0,1,1,1,1,1,0,1
10286,0,1,0,1,1,0,0,0,1,0,1,0,1,1,1,0,1,1,1,1,1,0,1
10287,0,1,0,1,1,0,0,0,1,0,1,0,1,1,1,0,1,1,1,1,1,0,1
10288,0,1,0,1,1,0,0,0,1,0,1,0,1,1,1,0,1,1,1,1,1,0,1
10289,0,1,0,1,1,0,0,0,1,0,1,0,1,1,1,0,1,1,1,1,1,0,1
10290,0,1,0,1,1,0,0,0,1,0,1,0,1,1,1,0,1,1,1,1,1,0,1
10291,0,1,0,1,1,0,0,0,1,0,1,0,1,1,1,0,1,1,1,1,1,0,1
10292,0,1,0,1,1,0,0,0,1,0,1,0,1,1,1,0,1,1,1,1,1,0,1
10293,0,1,0,1,1,0,0,0,1,0,1,0,1,1,1,0,1,1,1,1,1,0,1
10294,0,1,0,1,1,0,0,0,1,0,1,0,1,1,1,0,1,1,1,1,1,0,1
10295,0,1,0,1,1,0,0,0,1,0,1,0,1,1,1,0,1,1,1,1,1,0,1
10296,0,1,0,1,1,0,0,0,1,0,1,0,1,1,1,0,1,1,1,1,1,0,1
10297,0,1,0,1,1,0,0,0,1,0,1,0,1,1,1,0,1,1,1,1,1,0,1
10298,0,1,0,1,1,0,0,0,1,0,1,0,1,1,1,0,1,1,1,1,1,0,1
10299,0,1,0,1,1,0,0,0,1,0,1,0,1,1,1,0,1,1,1,1,1,0,1
10300,0,1,0,1,1,0,0,0,1,0,1,0,1,1,1,0,1,1,1,1,1,0,1
10301,0,1,0,1,1,0,0,0,1,0,1,0,1,1,1,0,1,1,1,1,1,0,1
10302,0,1,0,1,1,0,0,0,1,0,1,0,1,1,1,0,1,1,1,1,1,0,1
10303,1,1,0,1,1,1,1,1,1,1,1,1,1,1,1,1,1,1,1,1,1,1,1
10304,1,1,1,1,1,1,1,1,1,1,1,1,1,1,1,1,1,1,1,1,1,1,1
10305,1,1,0,1,1,1,1,1,1,1,1,1,1,1,1,1,1,1,1,1,1,1,1
10306,1,1,0,1,1,1,1,1,1,1,1,1,1,1,1,1,1,1,1,1,1,1,1
10307,1,1,0,1,1,1,1,1,1,1,1,1,1,1,1,1,1,1,1,1,1,1,1
10308,1,1,0,1,1,1,1,1,1,1,1,1,1,1,1,1,1,1,1,1,1,1,1
10309,1,1,0,1,1,1,1,1,1,1,1,1,1,1,1,1,1,1,1,1,1,1,1
10310,1,1,0,1,1,1,1,1,1,1,1,1,1,1,1,1,1,1,1,1,1,1,1
10311,1,1,0,1,1,1,1,1,1,1,1,1,1,1,1,1,1,1,1,1,1,1,1
-1,-1,-1,-1,-1,-1,-1,-1,-1,-1,-1,-1,-1,-1,-1,-1,-1,-1,-1,-1,-1,-1,-1,-1
11383,1,1,0,1,1,1,1,1,1,1,1,1,1,1,1,1,1,1,1,1,1,1,1
11384,1,1,0,1,1,1,1,1,1,1,1,1,1,1,1,1,1,1,1,1,1,1,1
11385,1,1,0,1,1,2,1,1,1,1,1,1,1,2,1,1,1,1,1,1,1,2,1
11386,1,1,0,1,1,0,1,1,1,1,1,1,1,0,1,1,1,1,1,1,1,0,1
11387,1,1,0,1,1,0,1,1,1,1,1,1,1,0,1,1,1,1,1,1,1,0,1
11388,1,1,0,1,1,0,1,1,1,1,1,1,1,0,1,1,1,1,1,1,1,0,1
11389,1,1,0,1,1,0,1,1,1,1,1,1,1,0,1,1,1,1,1,1,1,0,1
11390,1,1,0,1,1,0,1,1,1,1,1,1,1,0,1,1,1,1,1,1,1,0,1
11391,1,1,0,1,1,0,1,1,1,1,1,1,1,0,1,1,1,1,1,1,1,0,1
11392,2,1,0,2,1,0,2,1,1,2,1,2,1,0,1,1,2,1,1,1,2,0,1
11393,0,1,0,0,1,0,0,1,1,0,1,0,1,0,1,1,0,1,1,1,0,0,1
11394,0,1,0,0,1,0,0,1,1,0,1,0,1,0,1,1,0,1,1,1,0,0,1
11395,0,1,0,0,1,0,0,1,1,0,1,0,1,0,1,1,0,1,1,1,0,0,1
11396,0,2,0,0,1,0,0,1,2,0,1,0,2,0,1,2,0,1,1,1,0,0,1
11397,0,0,0,0,1,0,0,1,0,0,1,0,0,0,1,0,0,1,1,1,0,0,1
11398,0,0,0,0,1,0,0,1,0,0,1,0,0,0,1,0,0,1,1,1,0,0,1
11399,0,0,0,0,1,0,0,1,0,0,1,0,0,0,1,0,0,1,1,1,0,0,1
11400,0,0,0,0,1,0,0,1,0,0,1,0,0,0,1,0,0,1,1,1,0,0,1
11401,1,1,0,1,1,1,1,1,1,1,1,1,1,1,1,1,1,1,1,1,1,1,1
11402,2,1,0,1,2,1,2,2,2,1,1,1,2,2,1,2,2,1,1,1,1,2,1
11403,0,1,0,1,0,1,0,0,0,1,1,1,0,0,1,0,0,1,1,1,1,0,1
11404,0,1,0,1,0,1,0,0,0,1,1,1,0,0,1,0,0,1,1,1,1,0,1
-1,-1,-1,-1,-1,-1,-1,-1,-1,-1,-1,-1,-1,-1,-1,-1,-1,-1,-1,-1,-1,-1,-1,-1
11393,0,1,0,0,1,0,0,1,1,0,1,0,1,0,1,1,0,1,1,1,0,0,1
11394,0,1,0,0,1,0,0,1,1,0,1,0,1,0,1,1,0,1,1,1,0,0,1
11395,0,1,0,0,1,0,0,1,1,0,1,0,1,0,1,1,0,1,1,1,0,0,1
11396,0,2,0,0,1,0,0,1,2,0,1,0,2,0,1,2,0,1,1,1,0,0,1
11397,0,0,0,0,1,0,0,1,0,0,1,0,0,0,1,0,0,1,1,1,0,0,1
11398,0,0,0,0,1,0,0,1,0,0,1,0,0,0,1,0,0,1,1,1,0,0,1
11399,0,0,0,0,1,0,0,1,0,0,1,0,0,0,1,0,0,1,1,1,0,0,1
11400,0,0,0,0,1,0,0,1,0,0,1,0,0,0,1,0,0,1,1,1,0,0,1
11401,1,1,0,1,1,1,1,1,1,1,1,1,1,1,1,1,1,1,1,1,1,1,1
11402,2,1,0,1,2,1,2,2,2,1,1,1,2,2,1,2,2,1,1,1,1,2,1
11403,0,1,0,1,0,1,0,0,0,1,1,1,0,0,1,0,0,1,1,1,1,0,1
11404,0,1,0,1,0,1,0,0,0,1,1,1,0,0,1,0,0,1,1,1,1,0,1
11405,0,1,0,1,0,1,0,0,0,1,1,1,0,0,1,0,0,1,1,1,1,0,1
11406,0,1,0,1,0,1,0,0,0,1,1,1,0,0,1,0,0,1,1,1,1,0,1
11407,0,1,0,1,0,1,0,0,0,1,1,1,0,0,1,0,0,1,1,1,1,0,1
11408,0,2,0,2,0,2,0,0,0,2,2,2,0,0,2,0,0,2,2,2,2,0,2
11409,0,0,0,0,0,0,0,0,0,0,0,0,0,0,0,0,0,0,0,0,0,0,0
11410,0,0,0,0,0,0,0,0,0,0,0,0,0,0,0,0,0,0,0,0,0,0,0
11411,0,0,0,0,0,0,0,0,0,0,0,0,0,0,0,0,0,0,0,0,0,0,0
11412,0,0,0,0,0,0,0,0,0,0,0,0,0,0,0,0,0,0,0,0,0,0,0
11413,0,0,0,0,0,0,0,0,0,0,0,0,0,0,0,0,0,0,0,0,0,0,0
11414,0,0,0,0,0,0,0,0,0,0,0,0,0,0,0,0,0,0,0,0,0,0,0
11415,0,0,0,0,0,0,0,0,0,0,0,0,0,0,0,0,0,0,0,0,0,0,0
11416,0,0,0,0,0,0,0,0,0,0,0,0,0,0,0,0,0,0,0,0,0,0,0
11417,0,0,0,0,0,0,0,0,0,0,0,0,0,0,0,0,0,0,0,0,0,0,0
-1,-1,-1,-1,-1,-1,-1,-1,-1,-1,-1,-1,-1,-1,-1,-1,-1,-1,-1,-1,-1,-1,-1,-1
11626,0,0,0,0,0,0,0,0,0,0,0,0,0,0,0,0,0,0,0,0,0,0,0
11627,0,0,0,0,0,0,0,0,0,0,0,0,0,0,0,0,0,0,0,0,0,0,0
11628,0,0,0,0,0,0,0,0,0,0,0,0,0,0,0,0,0,0,0,0,0,0,0
11629,0,0,0,0,0,0,0,0,0,0,0,0,0,0,0,0,0,0,0,0,0,0,0
11630,0,0,0,0,0,0,0,0,0,0,0,0,0,0,0,0,0,0,0,0,0,0,0
11631,1,1,0,1,1,1,1,1,1,1,1,1,1,1,1,1,1,1,1,1,1,1,1
11632,1,1,0,1,1,1,1,1,1,1,1,1,1,1,1,1,1,1,1,1,1,1,1
11633,1,1,0,1,1,1,1,1,1,1,1,1,1,1,1,1,1,1,1,1,1,1,1
11634,1,1,0,1,1,1,1,1,1,1,1,1,1,1,1,1,1,1,1,1,1,1,1
11635,2,1,0,2,1,1,1,1,2,2,2,1,1,2,2,1,2,1,1,1,1,1,2
11636,0,1,0,0,1,1,1,1,0,0,0,1,1,0,0,1,0,1,1,1,1,1,0
11637,0,1,0,0,1,1,1,1,0,0,0,1,1,0,0,1,0,1,1,1,1,1,0
11638,0,1,0,0,1,1,1,1,0,0,0,1,1,0,0,1,0,1,1,1,1,1,0
11639,0,1,0,0,1,1,1,1,0,0,0,1,1,0,0,1,0,1,1,1,1,1,0
11640,1,1,0,1,1,1,1,1,1,1,1,1,1,1,1,1,1,1,1,1,1,1,1
11641,1,1,0,1,1,1,1,1,1,1,1,1,1,1,1,1,1,1,1,1,1,1,1
11642,1,1,0,1,1,1,1,1,1,1,1,1,1,1,1,1,1,1,1,1,1,1,1
11643,1,1,0,1,1,1,1,1,1,1,1,1,1,1,1,1,1,1,1,1,1,1,1
11644,1,1,0,1,1,1,1,1,1,1,1,1,1,1,1,1,1,1,1,1,1,1,1
11645,2,2,0,2,2,2,2,2,2,2,2,2,2,2,2,2,2,2,2,2,2,2,2
11646,0,0,0,0,0,0,0,0,0,0,0,0,0,0,0,0,0,0,0,0,0,0,0
11647,0,0,0,0,0,0,0,0,0,0,0,0,0,0,0,0,0,0,0,0,0,0,0
11648,0,0,0,0,0,0,0,0,0,0,0,0,0,0,0,0,0,0,0,0,0,0,0
-1,-1,-1,-1,-1,-1,-1,-1,-1,-1,-1,-1,-1,-1,-1,-1,-1,-1,-1,-1,-1,-1,-1,-1
12108,1,1,0,1,1,1,1,1,1,1,1,1,1,1,1,1,1,1,1,1,1,1,1
12109,1,1,0,1,1,1,1,1,1,1,1,1,1,1,1,1,1,1,1,1,1,1,1
12110,1,1,0,1,1,1,1,1,1,1,1,1,1,1,1,1,1,1,1,1,1,1,1
12111,1,1,0,1,1,1,1,1,1,1,1,1,1,1,1,1,1,1,1,1,1,1,1
12112,1,1,0,1,1,1,1,1,1,1,1,1,1,1,1,1,1,1,1,1,1,1,1
12113,1,1,0,1,1,1,1,1,1,1,1,1,1,1,1,1,1,1,1,1,1,1,1
12114,1,1,0,1,1,1,1,1,1,1,1,1,1,1,1,1,1,1,1,1,1,1,1
12115,1,1,0,1,1,1,1,1,1,1,1,1,1,1,1,1,1,1,1,1,1,1,1
12116,1,1,0,1,1,1,1,2,1,2,1,2,1,2,1,2,1,2,1,1,1,2,1
12117,1,1,0,1,1,1,1,0,1,0,1,0,1,0,1,0,1,0,1,1,1,0,1
12118,2,1,0,1,1,1,1,0,1,0,1,0,1,0,1,0,1,0,1,1,1,0,1
12119,0,1,0,1,1,1,1,0,1,0,1,0,1,0,1,0,1,0,1,1,1,0,1
12120,0,1,0,1,1,1,1,0,1,0,1,0,1,0,1,0,1,0,1,1,1,0,1
12121,0,1,0,1,1,1,1,0,1,0,1,0,1,0,1,0,1,0,1,1,1,0,1
12122,0,2,0,2,2,2,2,0,2,0,2,0,2,0,2,0,2,0,2,2,2,0,2
12123,0,0,0,0,0,0,0,0,0,0,0,0,0,0,0,0,0,0,0,0,0,0,0
12124,0,0,0,0,0,0,0,0,0,0,0,0,0,0,0,0,0,0,0,0,0,0,0
12125,0,0,0,0,0,0,0,0,0,0,0,0,0,0,0,0,0,0,0,0,0,0,0
12126,0,0,0,0,0,0,0,0,0,0,0,0,0,0,0,0,0,0,0,0,0,0,0
12127,0,0,0,0,0,0,0,0,0,0,0,0,0,0,0,0,0,0,0,0,0,0,0
12128,0,0,0,0,0,0,0,0,0,0,0,0,0,0,0,0,0,0,0,0,0,0,0
12129,0,0,0,0,0,0,0,0,0,0,0,0,0,0,0,0,0,0,0,0,0,0,0
12130,0,0,0,0,0,0,0,0,0,0,0,0,0,0,0,0,0,0,0,0,0,0,0
12131,0,0,0,0,0,0,0,0,0,0,0,0,0,0,0,0,0,0,0,0,0,0,0
-1,-1,-1,-1,-1,-1,-1,-1,-1,-1,-1,-1,-1,-1,-1,-1,-1,-1,-1,-1,-1,-1,-1,-1
12832,0,0,0,0,0,0,0,0,0,0,0,0,0,0,0,0,0,0,0,0,0,0,0
12833,0,0,0,0,0,0,0,0,0,0,0,0,0,0,0,0,0,0,0,0,0,0,0
12834,0,0,0,0,0,0,0,0,0,0,0,0,0,0,0,0,0,0,0,0,0,0,0
12835,1,1,0,1,1,1,1,1,1,1,1,1,1,1,1,1,1,1,1,1,1,1,1
12836,1,1,0,1,1,1,1,1,1,1,1,1,1,1,1,1,1,1,1,1,1,1,1
12837,1,1,0,1,1,1,1,1,1,1,1,1,1,1,1,1,1,1,1,1,1,1,1
12838,1,1,0,1,1,1,1,1,1,1,1,1,1,1,1,1,1,1,1,1,1,1,1
12839,1,1,0,1,1,1,1,1,1,1,1,1,1,1,1,1,1,1,1,1,1,1,1
12840,1,1,0,1,1,1,1,1,1,1,1,1,2,1,1,1,1,1,1,1,1,1,1
12841,2,1,0,2,2,1,1,1,2,1,2,1,0,2,1,1,2,1,1,1,1,2,2
12842,0,1,0,0,0,1,1,1,0,1,0,1,0,0,1,1,0,1,1,1,1,0,0
12843,0,1,0,0,0,1,1,1,0,1,0,1,0,0,1,1,0,1,1,1,1,0,0
12844,0,1,0,0,0,1,1,1,0,1,0,1,0,0,1,1,0,1,1,1,1,0,0
12845,0,1,0,0,0,1,1,1,0,1,0,1,0,0,1,1,0,1,1,1,1,0,0
12846,0,1,0,0,0,1,1,1,0,1,0,1,0,0,1,1,0,1,1,1,1,0,0
12847,0,1,0,0,0,1,1,1,0,1,0,1,0,0,1,1,0,1,1,1,1,0,0
12848,0,1,0,0,0,1,1,1,0,1,0,1,0,0,1,1,0,1,1,1,1,0,0
12849,0,1,0,0,0,1,1,1,0,1,0,1,0,0,1,1,0,1,1,1,1,0,0
12850,1,1,0,1,1,1,1,1,1,1,1,1,1,1,1,1,1,1,1,1,1,1,1
12851,1,1,0,1,1,1,1,1,1,1,1,1,1,1,1,1,1,1,1,1,1,1,1
12852,1,1,0,1,1,1,1,1,1,1,1,1,1,1,1,1,1,1,1,1,1,1,1
12853,1,1,0,1,1,1,1,1,1,1,1,1,1,1,1,1,1,1,1,1,1,1,1
12854,1,1,0,1,1,1,1,1,1,1,1,1,1,1,1,1,1,1,1,1,1,1,1
12855,1,1,0,1,1,1,1,1,1,1,1,1,1,1,1,1,1,1,1,1,1,1,1
12856,2,2,0,2,2,2,2,2,2,2,2,2,2,2,2,2,2,2,2,2,2,2,2
12857,0,0,0,0,0,0,0,0,0,0,0,0,0,0,0,0,0,0,0,0,0,0,0
12858,0,0,0,0,0,0,0,0,0,0,0,0,0,0,0,0,0,0,0,0,0,0,0
-1,-1,-1,-1,-1,-1,-1,-1,-1,-1,-1,-1,-1,-1,-1,-1,-1,-1,-1,-1,-1,-1,-1,-1
12941,1,0,0,1,1,1,1,1,1,1,1,1,1,1,1,1,1,1,1,1,1,1,1
12942,1,0,0,1,1,1,1,1,1,1,1,1,1,1,1,1,1,1,1,1,1,1,1
12943,1,0,0,1,1,1,1,1,1,1,1,1,1,1,1,1,1,1,1,1,1,1,1
12944,1,0,0,1,1,1,1,1,1,1,1,1,1,1,1,1,1,1,1,1,1,1,1
12945,1,1,0,1,1,1,1,1,1,1,1,1,1,1,1,1,1,1,1,1,1,1,1
12946,1,1,0,1,1,1,1,1,1,1,1,1,1,1,1,1,1,1,1,1,1,1,1
12947,1,1,0,1,1,1,1,1,1,1,1,1,1,1,1,1,1,1,1,1,1,1,1
12948,1,1,0,1,1,1,1,1,1,1,1,1,1,1,1,1,1,1,1,1,1,1,1
12949,1,1,0,1,1,1,1,1,1,1,1,1,1,1,1,1,1,1,1,1,1,1,1
12950,2,1,0,1,1,2,1,2,2,2,1,2,2,1,2,2,1,2,2,1,1,1,1
12951,0,1,0,1,1,0,1,0,0,0,1,0,0,1,0,0,1,0,0,1,1,1,1
12952,0,1,0,1,1,0,1,0,0,0,1,0,0,1,0,0,1,0,0,1,1,1,1
12953,0,1,0,1,1,0,1,0,0,0,1,0,0,1,0,0,1,0,0,1,1,1,1
12954,0,1,0,1,1,0,1,0,0,0,1,0,0,1,0,0,1,0,0,1,1,1,1
12955,1,1,0,1,1,1,1,1,1,1,1,1,1,1,1,1,1,1,1,1,1,1,1
12956,1,1,0,1,1,1,1,1,1,1,1,1,1,1,1,1,1,1,1,1,1,1,1
12957,1,1,0,1,1,1,1,1,1,1,1,1,1,1,1,1,1,1,1,1,1,1,1
12958,1,1,0,1,1,1,1,1,1,1,1,1,1,1,1,1,1,1,1,1,1,1,1
12959,1,1,0,1,1,1,1,1,1,1,1,1,1,1,1,1,1,1,1,1,1,1,1
12960,1,1,0,1,1,1,1,1,1,1,1,1,1,1,1,1,1,1,1,1,1,1,1
12961,2,2,0,2,2,2,2,2,2,2,2,2,2,2,2,2,2,2,2,2,2,2,2
12962,0,0,0,0,0,0,0,0,0,0,0,0,0,0,0,0,0,0,0,0,0,0,0
12963,0,0,0,0,0,0,0,0,0,0,0,0,0,0,0,0,0,0,0,0,0,0,0
-1,-1,-1,-1,-1,-1,-1,-1,-1,-1,-1,-1,-1,-1,-1,-1,-1,-1,-1,-1,-1,-1,-1,-1
13890,0,0,0,0,0,0,0,0,0,0,0,0,0,0,0,0,0,1,0,0,0,0,0
13891,0,0,0,0,0,0,0,0,0,0,0,0,0,0,0,0,0,1,0,0,0,0,0
13892,0,0,0,0,0,0,0,0,0,0,0,0,0,0,0,0,0,1,0,0,0,0,0
13893,0,0,0,0,0,0,0,0,0,0,0,0,0,0,0,0,0,1,0,0,0,0,0
13894,0,0,0,0,0,0,0,0,0,0,0,0,0,0,0,0,0,1,0,0,0,0,0
13895,0,0,0,0,0,0,0,0,0,0,0,0,0,0,0,0,0,1,0,0,0,0,0
13896,0,0,0,0,0,0,0,0,0,0,0,0,0,0,0,0,0,1,0,0,0,0,0
13897,0,0,0,0,0,0,0,0,0,0,0,0,0,0,0,0,0,1,0,0,0,0,0
13898,1,1,0,1,1,1,1,1,1,1,1,1,1,1,1,1,1,1,1,1,1,1,1
13899,2,1,0,1,1,2,1,2,1,2,1,2,2,1,2,2,1,1,1,1,2,2,1
13900,0,1,0,1,1,0,1,0,1,0,1,0,0,1,0,0,1,1,1,1,0,0,1
13901,0,1,0,1,1,0,1,0,1,0,1,0,0,1,0,0,1,1,1,1,0,0,1
13902,0,1,0,1,1,0,1,0,1,0,1,0,0,1,0,0,1,1,1,1,0,0,1
13903,0,1,0,1,1,0,1,0,1,0,1,0,0,1,0,0,1,1,1,1,0,0,1
13904,0,1,0,1,1,0,1,0,1,0,1,0,0,1,0,0,1,1,1,1,0,0,1
13905,0,1,0,1,1,0,1,0,1,0,1,0,0,1,0,0,1,1,1,1,0,0,1
13906,0,1,0,1,1,0,1,0,1,0,1,0,0,1,0,0,1,1,1,1,0,0,1
13907,0,1,0,1,1,0,1,0,1,0,1,0,0,1,0,0,1,1,1,1,0,0,1
13908,0,1,0,1,1,0,1,0,1,0,1,0,0,1,0,0,1,1,1,1,0,0,1
13909,0,1,0,1,1,0,1,0,1,0,1,0,0,1,0,0,1,1,1,1,0,0,1
13910,0,1,0,1,1,0,1,0,1,0,1,0,0,1,0,0,1,1,1,1,0,0,1
13911,0,1,0,1,1,0,1,0,1,0,1,0,0,1,0,0,1,1,1,1,0,0,1
13912,0,1,0,1,1,0,1,0,1,0,1,0,0,1,0,0,1,1,1,1,0,0,1
13913,0,1,0,1,1,0,1,0,1,0,1,0,0,1,0,0,1,1,1,1,0,0,1
13914,0,1,0,1,1,0,1,0,1,0,1,0,0,1,0,0,1,1,1,1,0,0,1
13915,0,1,0,1,1,0,1,0,1,0,1,0,0,1,0,0,1,1,1,1,0,0,1
13916,0,1,0,1,1,0,1,0,1,0,1,0,0,1,0,0,1,1,1,1,0,0,1
13917,1,1,0,1,1,1,1,1,1,1,1,1,1,1,1,1,1,1,1,1,1,1,1
13918,1,1,1,1,1,1,1,1,1,1,1,1,1,1,1,1,1,1,1,1,1,1,1
13919,1,1,0,1,1,1,1,1,1,1,1,1,1,1,1,1,1,1,1,1,1,1,1
13920,1,1,0,1,1,1,1,1,1,1,1,1,1,1,1,1,1,1,1,1,1,1,1
13921,1,1,0,1,1,1,1,1,1,1,1,1,1,1,1,1,1,1,1,1,1,1,1
13922,1,1,0,1,1,1,1,1,1,1,1,1,1,1,1,1,1,1,1,1,1,1,1
13923,1,1,0,1,1,1,1,1,1,1,1,1,1,1,1,1,1,1,1,1,1,1,1
13924,1,1,0,1,1,1,1,1,1,1,1,1,1,1,1,1,1,1,1,1,1,1,1
13925,1,1,0,1,1,1,1,1,1,1,1,1,1,1,1,1,1,1,1,1,1,1,1
-1,-1,-1,-1,-1,-1,-1,-1,-1,-1,-1,-1,-1,-1,-1,-1,-1,-1,-1,-1,-1,-1,-1,-1
13950,1,1,0,1,1,1,1,1,1,0,1,1,1,1,1,1,1,1,1,1,1,1,1
13951,1,1,0,1,1,1,1,1,1,0,1,1,1,1,1,1,1,1,1,1,1,1,1
13952,1,1,0,1,1,1,1,1,1,0,1,1,1,1,1,1,1,1,1,1,1,1,1
13953,1,1,0,1,1,1,1,1,1,0,1,1,1,1,1,1,1,1,1,1,1,1,1
13954,1,1,0,1,1,1,1,1,1,0,1,1,1,1,1,1,1,1,1,1,1,1,1
13955,1,1,0,1,1,1,1,1,1,1,1,1,1,1,1,1,1,1,1,1,1,1,1
13956,1,1,0,1,1,1,1,1,1,1,1,1,1,1,1,1,1,1,1,1,1,1,1
13957,1,1,0,1,1,1,1,1,1,1,1,1,1,1,1,1,1,1,1,1,1,1,1
13958,1,1,0,1,1,1,2,1,1,2,1,1,1,1,1,2,2,2,1,1,1,2,1
13959,1,1,0,1,1,1,0,1,1,0,1,1,1,1,1,0,0,0,1,1,1,0,1
13960,2,1,0,1,1,1,0,1,1,0,1,1,1,1,1,0,0,0,1,1,1,0,1
13961,0,1,0,1,1,1,0,1,1,0,1,1,1,1,1,0,0,0,1,1,1,0,1
13962,0,1,0,1,1,1,0,1,1,0,1,1,1,1,1,0,0,0,1,1,1,0,1
13963,0,1,0,1,1,1,0,1,1,0,1,1,1,1,1,0,0,0,1,1,1,0,1
13964,0,1,0,1,1,1,0,1,1,0,1,1,1,1,1,0,0,0,1,1,1,0,1
13965,0,1,0,1,1,1,0,1,1,0,1,1,1,1,1,0,0,0,1,1,1,0,1
13966,0,1,0,1,1,1,0,1,1,0,1,1,1,1,1,0,0,0,1,1,1,0,1
13967,0,1,0,1,1,1,0,1,1,0,1,1,1,1,1,0,0,0,1,1,1,0,1
13968,0,1,0,1,1,1,0,1,1,0,1,1,1,1,1,0,0,0,1,1,1,0,1
13969,0,1,0,1,1,1,0,1,1,0,1,1,1,1,1,0,0,0,1,1,1,0,1
13970,0,1,0,1,1,1,0,1,1,0,1,1,1,1,1,0,0,0,1,1,1,0,1
13971,0,1,0,1,1,1,0,1,1,0,1,1,1,1,1,0,0,0,1,1,1,0,1
13972,0,1,0,1,1,1,0,1,1,0,1,1,1,1,1,0,0,0,1,1,1,0,1
13973,0,1,0,1,1,1,0,1,1,0,1,1,1,1,1,0,0,0,1,1,1,0,1
13974,1,1,0,1,1,1,1,1,1,1,1,1,1,1,1,1,1,1,1,1,1,1,1
13975,2,1,0,1,1,2,2,2,1,2,1,1,1,2,2,2,1,2,2,2,2,1,2
13976,0,1,0,1,1,0,0,0,1,0,1,1,1,0,0,0,1,0,0,0,0,1,0
13977,0,1,0,1,1,0,0,0,1,0,1,1,1,0,0,0,1,0,0,0,0,1,0
13978,0,1,0,1,1,0,0,0,1,0,1,1,1,0,0,0,1,0,0,0,0,1,0
13979,0,1,0,1,1,0,0,0,1,0,1,1,1,0,0,0,1,0,0,0,0,1,0
13980,0,1,0,1,1,0,0,0,1,0,1,1,1,0,0,0,1,0,0,0,0,1,0
13981,0,1,0,1,1,0,0,0,1,0,1,1,1,0,0,0,1,0,0,0,0,1,0
13982,0,1,0,1,1,0,0,0,1,0,1,1,1,0,0,0,1,0,0,0,0,1,0
-1,-1,-1,-1,-1,-1,-1,-1,-1,-1,-1,-1,-1,-1,-1,-1,-1,-1,-1,-1,-1,-1,-1,-1
14421,1,1,0,1,1,1,1,1,1,1,1,1,1,1,1,1,1,1,1,1,1,1,1
14422,1,1,0,1,1,1,1,1,1,1,1,1,1,1,1,1,1,1,1,1,1,1,1
14423,1,1,0,1,1,1,1,1,1,1,1,1,1,1,1,1,1,1,1,1,1,1,1
14424,1,1,0,1,1,1,1,1,1,1,1,1,1,1,1,1,1,1,1,1,1,1,1
14425,1,1,0,1,1,2,2,1,1,1,1,2,1,1,1,1,1,1,1,1,1,2,1
14426,1,1,0,1,1,0,0,1,1,1,1,0,1,1,1,1,1,1,1,1,1,0,1
14427,1,1,0,1,1,0,0,1,1,1,1,0,1,1,1,1,1,1,1,1,1,0,1
14428,1,1,0,1,1,0,0,1,1,1,1,0,1,1,1,1,1,1,1,1,1,0,1
14429,1,1,0,1,1,0,0,1,1,1,1,0,1,1,1,1,1,1,1,1,1,0,1
14430,1,1,0,1,1,0,0,1,1,1,1,0,1,1,1,1,1,1,1,1,1,0,1
14431,2,1,0,1,1,0,0,1,1,2,2,0,1,1,1,2,1,2,1,1,1,0,1
14432,0,1,0,1,1,0,0,1,1,0,0,0,1,1,1,0,1,0,1,1,1,0,1
14433,0,1,0,1,1,0,0,1,1,0,0,0,1,1,1,0,1,0,1,1,1,0,1
14434,0,1,0,1,1,0,0,1,1,0,0,0,1,1,1,0,1,0,1,1,1,0,1
14435,0,1,0,1,1,0,0,1,1,0,0,0,1,1,1,0,1,0,1,1,1,0,1
14436,0,1,0,1,1,0,0,1,1,0,0,0,1,1,1,0,1,0,1,1,1,0,1
14437,0,1,0,1,1,0,0,1,1,0,0,0,1,1,1,0,1,0,1,1,1,0,1
14438,1,1,0,1,1,1,1,1,1,1,1,1,1,1,1,1,1,1,1,1,1,1,1
14439,1,1,0,1,1,1,1,1,1,1,1,1,1,1,1,1,1,1,1,1,1,1,1
14440,1,1,0,1,1,1,1,1,1,1,1,1,1,1,1,1,1,1,1,1,1,1,1
14441,2,2,0,2,2,2,2,2,2,2,2,2,2,2,2,2,2,2,2,2,2,2,2
14442,0,0,0,0,0,0,0,0,0,0,0,0,0,0,0,0,0,0,0,0,0,0,0
14443,0,0,0,0,0,0,0,0,0,0,0,0,0,0,0,0,0,0,0,0,0,0,0
14444,0,0,0,0,0,0,0,0,0,0,0,0,0,0,0,0,0,0,0,0,0,0,0
14445,0,0,0,0,0,0,0,0,0,0,0,0,0,0,0,0,0,0,0,0,0,0,0
14446,0,1,0,1,1,0,0,1,0,1,0,0,1,1,1,0,0,1,1,0,0,0,0
-1,-1,-1,-1,-1,-1,-1,-1,-1,-1,-1,-1,-1,-1,-1,-1,-1,-1,-1,-1,-1,-1,-1,-1
14445,0,0,0,0,0,0,0,0,0,0,0,0,0,0,0,0,0,0,0,0,0,0,0
14446,0,1,0,1,1,0,0,1,0,1,0,0,1,1,1,0,0,1,1,0,0,0,0
14447,0,1,0,1,1,0,0,1,0,1,0,0,1,1,1,0,0,1,1,0,0,0,0
14448,0,1,0,1,1,0,0,1,0,1,0,0,1,1,1,0,0,1,1,0,0,0,0
14449,0,1,0,1,1,0,0,1,0,1,0,0,1,1,1,0,0,1,1,0,0,0,0
14450,0,2,0,1,1,0,0,1,0,2,0,0,2,1,2,0,0,1,2,0,0,0,0
14451,0,0,0,1,1,0,0,1,0,0,0,0,0,1,0,0,0,1,0,0,0,0,0
14452,0,0,0,1,1,0,0,1,0,0,0,0,0,1,0,0,0,1,0,0,0,0,0
14453,0,0,0,1,1,0,0,1,0,0,0,0,0,1,0,0,0,1,0,0,0,0,0
14454,0,0,0,1,1,0,0,1,0,0,0,0,0,1,0,0,0,1,0,0,0,0,0
14455,0,1,0,1,1,0,0,1,1,1,1,0,1,1,0,0,1,1,1,0,1,0,1
14456,0,1,0,1,1,0,0,1,1,1,1,0,1,1,0,0,1,1,1,0,1,0,1
14457,0,1,0,1,1,0,0,1,1,1,1,0,1,1,0,0,1,1,1,0,1,0,1
14458,1,1,0,1,1,1,1,1,1,1,1,1,1,1,1,1,1,1,1,1,1,1,1
14459,1,1,0,1,1,1,1,1,1,1,1,1,1,1,1,1,1,1,1,1,1,1,1
14460,1,1,0,1,1,1,1,1,1,1,1,1,1,1,1,1,1,1,1,1,1,1,1
14461,2,2,0,2,2,2,2,2,2,2,2,2,2,2,2,2,2,2,2,2,2,2,2
14462,0,0,0,0,0,0,0,0,0,0,0,0,0,0,0,0,0,0,0,0,0,0,0
14463,0,0,0,0,0,0,0,0,0,0,0,0,0,0,0,0,0,0,0,0,0,0,0
14464,0,0,0,0,0,0,0,0,0,0,0,0,0,0,0,0,0,0,0,0,0,0,0
14465,0,0,0,0,0,0,0,0,0,0,0,0,0,0,0,0,0,0,0,0,0,0,0
14466,0,0,0,0,0,0,0,0,0,0,0,0,0,0,0,0,0,0,0,0,0,0,0
-1,-1,-1,-1,-1,-1,-1,-1,-1,-1,-1,-1,-1,-1,-1,-1,-1,-1,-1,-1,-1,-1,-1,-1
16933,1,1,0,1,1,1,1,1,1,1,1,1,1,1,1,1,1,1,1,1,1,1,1
16934,1,1,0,1,1,1,1,1,1,1,1,1,1,1,1,1,1,1,1,1,1,1,1
16935,2,1,0,1,2,2,2,2,2,2,2,2,2,2,2,2,2,1,2,2,2,2,2
16936,0,1,0,1,0,0,0,0,0,0,0,0,0,0,0,0,0,1,0,0,0,0,0
16937,0,1,0,1,0,0,0,0,0,0,0,0,0,0,0,0,0,1,0,0,0,0,0
16938,0,1,0,1,0,0,0,0,0,0,0,0,0,0,0,0,0,1,0,0,0,0,0
16939,0,1,0,1,0,0,0,0,0,0,0,0,0,0,0,0,0,1,0,0,0,0,0
16940,0,1,0,1,0,0,0,0,0,0,0,0,0,0,0,0,0,1,0,0,0,0,0
16941,0,1,0,1,0,0,0,0,0,0,0,0,0,0,0,0,0,1,0,0,0,0,0
16942,0,1,0,1,0,0,0,0,0,0,0,0,0,0,0,0,0,1,0,0,0,0,0
16943,0,1,0,1,1,0,0,0,1,1,1,0,1,1,1,0,0,1,1,1,1,1,0
16944,0,1,0,1,1,0,0,0,1,1,1,0,2,1,2,0,0,1,1,1,1,2,0
16945,0,1,0,1,1,0,0,0,1,1,1,0,0,1,0,0,0,1,1,1,1,0,0
16946,0,1,0,1,1,0,0,0,1,1,1,0,0,1,0,0,0,1,1,1,1,0,0
16947,0,1,0,1,1,0,0,0,1,1,1,0,0,1,0,0,0,1,1,1,1,0,0
16948,0,1,0,1,1,0,0,0,1,1,1,0,0,1,0,0,0,1,1,1,1,0,0
16949,0,1,0,1,1,0,0,0,1,1,1,0,0,1,0,0,0,1,1,1,1,0,0
16950,0,1,0,1,1,0,0,0,1,1,1,0,0,1,0,0,0,1,1,1,1,0,0
16951,0,1,0,1,1,0,0,0,1,1,1,0,0,1,0,0,0,1,1,1,1,0,0
16952,0,1,0,1,1,0,0,0,1,1,1,0,0,1,0,0,0,1,1,1,1,0,0
16953,0,1,0,1,1,0,0,0,1,1,1,0,0,1,0,0,0,1,1,1,1,0,0
16954,0,1,0,1,1,0,0,0,1,1,1,0,0,1,0,0,0,1,1,1,1,0,0
16955,0,1,0,1,1,0,0,0,1,1,1,0,0,1,0,0,0,1,1,1,1,0,0
16956,0,1,0,1,1,0,0,0,1,1,1,0,0,1,0,0,0,1,1,1,1,0,0
16957,0,1,0,1,1,0,0,0,2,1,1,0,0,1,0,0,0,1,1,1,1,0,0
16958,0,1,0,1,1,0,0,0,0,1,1,0,0,1,0,0,0,1,1,1,1,0,0
16959,0,1,0,1,1,0,0,0,0,1,1,0,0,1,0,0,0,1,1,1,1,0,0
16960,0,1,0,1,1,0,0,0,0,1,1,0,0,1,0,0,0,1,1,1,1,0,0
16961,0,1,0,1,1,0,0,0,0,1,1,0,0,1,0,0,0,1,1,1,1,0,0
16962,0,1,0,1,1,0,0,0,0,1,1,0,0,1,0,0,0,1,1,1,1,0,0
16963,0,1,0,1,1,0,0,0,0,1,1,0,0,1,0,0,0,1,1,1,1,0,0
16964,1,1,0,1,1,1,1,1,1,1,1,1,1,1,1,1,1,1,1,1,1,1,1
16965,1,1,1,1,1,1,1,1,1,1,1,1,1,1,1,1,1,1,1,1,1,1,1
-1,-1,-1,-1,-1,-1,-1,-1,-1,-1,-1,-1,-1,-1,-1,-1,-1,-1,-1,-1,-1,-1,-1,-1
17172,0,0,0,0,0,0,0,0,0,0,0,0,0,0,0,0,0,0,0,0,0,0,0
17173,0,0,0,0,0,0,0,0,0,0,0,0,0,0,0,0,0,0,0,0,0,0,0
17174,0,0,0,0,0,0,0,0,0,0,0,0,0,0,0,0,0,0,0,0,0,0,0
17175,0,0,0,0,0,0,0,0,0,0,0,0,0,0,0,0,0,0,0,0,0,0,0
17176,0,0,0,0,0,0,0,0,0,0,0,0,0,0,0,0,0,0,0,0,0,0,0
17177,0,0,0,0,0,0,0,0,0,0,0,0,0,0,0,0,0,0,0,0,0,0,0
17178,0,0,0,0,0,0,0,0,0,0,0,0,0,0,0,0,0,0,0,0,0,0,0
17179,0,0,0,0,0,0,0,0,0,0,0,0,0,0,0,0,0,0,0,0,0,0,0
17180,1,1,0,1,1,1,1,1,1,1,1,1,1,1,1,1,0,1,1,1,1,1,1
17181,2,1,0,1,1,2,2,2,1,2,2,1,1,1,1,1,0,1,1,2,2,2,1
17182,0,1,0,1,1,0,0,0,1,0,0,1,1,1,1,1,0,1,1,0,0,0,1
17183,0,2,0,2,2,0,0,0,2,0,0,2,2,2,2,2,0,1,1,0,0,0,2
17184,0,0,0,0,0,0,0,0,0,0,0,0,0,0,0,0,0,1,1,0,0,0,0
17185,0,0,0,0,0,0,0,0,0,0,0,0,0,0,0,0,0,1,1,0,0,0,0
17186,0,0,0,0,0,0,0,0,0,0,0,0,0,0,0,0,0,1,1,0,0,0,0
17187,0,0,0,0,0,0,0,0,0,0,0,0,0,0,0,0,0,1,1,0,0,0,0
17188,0,0,0,0,0,0,0,0,0,0,0,0,0,0,0,0,0,1,1,0,0,0,0
17189,0,0,0,0,0,0,0,0,0,0,0,0,0,0,0,0,0,1,1,0,0,0,0
17190,0,0,0,0,0,0,0,0,0,0,0,0,0,0,0,0,0,1,1,0,0,0,0
17191,0,0,0,0,0,0,0,0,0,0,0,0,0,0,0,0,0,1,1,0,0,0,0
17192,0,0,0,0,0,0,0,0,0,0,0,0,0,0,0,0,0,2,2,0,0,0,0
-1,-1,-1,-1,-1,-1,-1,-1,-1,-1,-1,-1,-1,-1,-1,-1,-1,-1,-1,-1,-1,-1,-1,-1
17905,1,1,0,1,1,1,1,1,1,1,1,1,1,1,1,1,1,1,1,1,1,1,1
17906,1,1,0,1,1,1,1,1,1,1,1,1,1,1,1,1,1,1,1,1,1,1,1
17907,1,1,0,1,1,1,1,1,1,1,1,1,1,1,1,1,1,1,1,1,1,1,1
17908,1,1,0,1,1,1,1,1,1,1,1,1,1,1,1,1,1,1,1,1,1,1,1
17909,1,1,0,1,1,1,1,1,1,1,1,1,1,1,1,1,1,1,1,1,1,1,1
17910,1,1,0,1,1,1,1,1,1,1,1,1,1,1,1,1,1,1,1,1,1,1,1
17911,1,1,0,1,1,1,1,1,1,1,1,1,1,1,1,1,1,1,1,1,1,1,1
17912,1,1,0,1,1,1,1,1,1,1,1,1,1,1,1,1,1,1,1,1,1,1,1
17913,1,1,0,1,1,2,2,1,1,2,1,1,1,2,2,1,1,1,1,1,2,2,1
17914,1,1,0,1,1,0,0,1,1,0,1,1,1,0,0,1,1,1,1,1,0,0,1
17915,2,1,0,1,1,0,0,1,1,0,1,1,1,0,0,1,1,1,1,1,0,0,1
17916,0,1,0,1,1,0,0,1,1,0,1,1,1,0,0,1,1,1,1,1,0,0,1
17917,0,1,0,1,1,0,0,1,1,0,1,1,1,0,0,1,1,1,1,1,0,0,1
17918,0,1,0,1,1,0,0,1,1,0,1,1,1,0,0,1,1,1,1,1,0,0,1
17919,0,1,0,1,1,0,0,1,1,0,1,1,1,0,0,1,1,1,1,1,0,0,1
17920,0,1,0,1,1,0,0,1,1,0,1,1,1,0,0,1,1,1,1,1,0,0,1
17921,0,1,0,1,1,0,0,1,1,0,1,1,1,0,1,1,1,1,1,1,0,0,1
17922,0,1,0,1,1,0,0,1,1,0,1,1,1,0,1,1,1,1,1,1,0,0,1
17923,0,1,0,1,1,0,0,1,1,0,1,1,1,0,1,1,1,1,1,1,0,0,1
17924,0,1,0,1,1,0,0,1,1,0,1,1,1,0,1,1,1,1,1,1,0,0,1
17925,0,1,0,1,1,0,0,1,1,0,1,1,1,0,1,1,1,1,1,1,0,0,1
17926,0,1,0,1,1,0,0,1,1,0,1,1,1,0,1,1,1,1,1,1,0,0,1
17927,0,1,0,1,1,0,0,1,1,0,1,1,1,0,1,1,1,1,1,1,0,0,1
17928,0,1,0,1,1,0,0,1,1,0,1,1,1,0,1,1,1,1,1,1,0,0,1
17929,0,1,0,1,1,0,0,1,1,0,1,1,1,0,1,1,1,1,1,1,0,0,1
17930,0,1,0,1,1,0,0,1,1,0,1,1,1,0,1,1,1,1,1,1,0,0,1
17931,0,1,0,1,1,0,0,1,1,0,1,1,1,0,1,1,1,1,1,1,0,0,1
17932,0,2,0,2,2,0,0,2,2,0,2,2,2,0,2,2,2,2,2,2,0,0,2
17933,0,0,0,0,0,0,0,0,0,0,0,0,0,0,0,0,0,0,0,0,0,0,0
17934,0,0,0,0,0,0,0,0,0,0,0,0,0,0,0,0,0,0,0,0,0,0,0
17935,0,0,0,0,0,0,0,0,0,0,0,0,0,0,0,0,0,0,0,0,0,0,0
17936,0,0,0,0,0,0,0,0,0,0,0,0,0,0,0,0,0,0,0,0,0,0,0
17937,0,0,0,0,0,0,0,0,0,0,0,0,0,0,0,0,0,0,0,0,0,0,0
17938,0,0,0,0,0,0,0,0,0,0,0,0,0,0,0,0,0,0,0,0,0,0,0
17939,0,0,0,0,0,0,0,0,0,0,0,0,0,0,0,0,0,0,0,0,0,0,0
17940,0,0,0,0,0,0,0,0,0,0,0,0,0,0,0,0,0,0,0,0,0,0,0
17941,0,0,0,0,0,0,0,0,0,0,0,0,0,0,0,0,0,0,0,0,0,0,0
-1,-1,-1,-1,-1,-1,-1,-1,-1,-1,-1,-1,-1,-1,-1,-1,-1,-1,-1,-1,-1,-1,-1,-1
18283,1,1,0,1,1,1,1,1,1,1,1,1,1,1,1,1,1,1,1,1,1,1,1
18284,2,1,0,2,2,2,1,2,2,2,1,2,2,2,2,1,2,1,1,2,2,2,1
18285,0,1,0,0,0,0,1,0,0,0,1,0,0,0,0,1,0,1,1,0,0,0,1
18286,0,1,0,0,0,0,1,0,0,0,1,0,0,0,0,1,0,1,1,0,0,0,1
18287,0,1,0,0,0,0,1,0,0,0,1,0,0,0,0,1,0,1,1,0,0,0,1
18288,0,1,0,0,0,0,1,0,0,0,1,0,0,0,0,1,0,1,1,0,0,0,1
18289,0,1,0,0,0,0,1,0,0,0,1,0,0,0,0,1,0,1,1,0,0,0,1
18290,0,1,0,0,0,0,1,0,0,0,1,0,0,0,0,1,0,1,1,0,0,0,1
18291,1,1,0,1,1,0,1,1,1,1,1,1,1,1,1,1,1,1,1,1,1,1,1
18292,2,1,0,1,2,0,1,2,1,2,1,2,2,1,2,2,1,2,1,2,1,1,1
18293,0,1,0,1,0,0,1,0,1,0,1,0,0,1,0,0,1,0,1,0,1,1,1
18294,0,1,0,1,0,0,1,0,1,0,1,0,0,1,0,0,1,0,1,0,1,1,1
18295,0,1,0,1,0,0,1,0,1,0,1,0,0,1,0,0,1,0,1,0,1,1,1
18296,0,1,0,1,0,0,1,0,1,0,1,0,0,1,0,0,1,0,1,0,1,1,1
18297,0,1,0,1,0,0,1,0,1,0,1,0,0,1,0,0,1,0,1,0,1,1,1
18298,0,1,0,1,0,0,1,0,1,0,1,0,0,1,0,0,1,0,1,0,1,1,1
18299,0,1,0,1,0,0,1,0,1,0,1,0,0,1,0,0,1,0,1,0,1,1,1
18300,0,1,0,1,0,0,1,0,1,0,1,0,0,1,0,0,1,0,1,0,1,1,1
18301,0,1,0,1,0,0,1,0,1,0,1,0,0,1,0,0,1,0,1,0,1,1,1
18302,0,1,0,1,0,0,1,0,1,0,1,0,0,1,0,0,1,0,1,0,1,1,1
18303,0,1,0,1,0,0,1,0,1,0,1,0,0,1,0,0,1,0,1,0,1,1,1
18304,0,1,0,1,0,0,1,0,1,0,1,0,0,1,0,0,1,0,1,0,1,1,1
18305,0,1,0,1,0,0,1,0,1,0,1,0,0,1,0,0,1,0,1,0,1,1,1
18306,0,1,0,1,0,0,1,0,1,0,1,0,0,1,0,0,1,0,1,0,1,1,1
18307,0,1,0,1,0,0,1,0,1,0,1,0,0,1,0,0,1,0,1,0,1,1,1
18308,0,1,0,1,0,0,1,0,1,0,1,0,0,1,0,0,1,0,1,0,1,1,1
18309,0,1,0,1,0,0,1,0,1,0,1,0,0,1,0,0,1,0,1,0,1,1,1
18310,1,1,0,1,1,1,1,1,1,1,1,1,1,1,1,1,1,1,1,1,1,1,1
18311,1,1,0,1,1,1,1,1,1,1,1,1,1,1,1,1,1,1,1,1,1,1,1
18312,1,1,0,1,1,1,1,1,1,1,1,1,1,1,1,1,1,1,1,1,1,1,1
18313,2,2,0,2,1,2,2,2,2,2,1,2,2,2,1,1,2,2,2,1,1,2,2
18314,0,0,0,0,1,0,0,0,0,0,1,0,0,0,1,1,0,0,0,1,1,0,0
18315,0,0,0,0,1,0,0,0,0,0,1,0,0,0,1,1,0,0,0,1,1,0,0
18316,0,0,0,0,1,0,0,0,0,0,1,0,0,0,1,1,0,0,0,1,1,0,0
18317,0,0,0,0,1,0,0,0,0,0,1,0,0,0,1,1,0,0,0,1,1,0,0
18318,0,0,0,0,1,0,0,0,0,0,1,0,0,0,1,1,0,0,0,1,1,0,0
-1,-1,-1,-1,-1,-1,-1,-1,-1,-1,-1,-1,-1,-1,-1,-1,-1,-1,-1,-1,-1,-1,-1,-1
19007,0,0,0,0,0,0,0,0,0,0,0,0,0,0,0,0,0,0,0,0,0,0,0
19008,0,0,0,0,0,0,0,0,0,0,0,0,0,0,0,0,0,0,0,0,0,0,0
19009,0,0,0,0,0,0,0,0,0,0,0,0,0,0,0,0,0,0,0,0,0,0,0
19010,0,0,0,0,0,0,0,0,0,0,0,0,0,0,0,0,0,0,0,0,0,0,0
19011,0,0,0,0,0,0,0,0,0,0,0,0,0,0,0,0,0,0,0,0,0,0,0
19012,0,0,0,0,0,0,0,0,0,0,0,0,0,0,0,0,0,0,0,0,0,0,0
19013,0,0,0,0,0,0,0,0,0,0,0,0,0,0,0,0,0,0,0,0,0,0,0
19014,1,1,0,1,1,1,1,1,1,1,1,1,1,1,1,1,1,1,1,1,1,1,1
19015,1,1,0,1,1,1,1,2,2,1,1,1,2,1,1,1,2,1,2,1,1,2,1
19016,1,1,0,1,1,1,1,0,0,1,1,1,0,1,1,1,0,1,0,1,1,0,1
19017,2,1,0,1,1,1,1,0,0,1,1,1,0,1,1,1,0,1,0,1,1,0,1
19018,0,2,0,2,2,2,2,0,0,2,2,2,0,2,2,2,0,2,0,2,2,0,2
19019,0,0,0,0,0,0,0,0,0,0,0,0,0,0,0,0,0,0,0,0,0,0,0
19020,0,0,0,0,0,0,0,0,0,0,0,0,0,0,0,0,0,0,0,0,0,0,0
19021,0,0,0,0,0,0,0,0,0,0,0,0,0,0,0,0,0,0,0,0,0,0,0
19022,0,0,0,0,0,0,0,0,0,0,0,0,0,0,0,0,0,0,0,0,0,0,0
19023,0,0,0,0,0,0,0,0,0,0,0,0,0,0,0,0,0,0,0,0,0,0,0
19024,0,0,0,0,0,0,0,0,0,0,0,0,0,0,0,0,0,0,0,0,0,0,0
19025,0,0,0,0,0,0,0,0,0,0,0,0,0,0,0,0,0,0,0,0,0,0,0
19026,0,0,0,0,0,0,0,0,0,0,0,0,0,0,0,0,0,0,0,0,0,0,0
19027,0,0,0,0,0,0,0,0,0,0,0,0,0,0,0,0,0,0,0,0,0,0,0
-1,-1,-1,-1,-1,-1,-1,-1,-1,-1,-1,-1,-1,-1,-1,-1,-1,-1,-1,-1,-1,-1,-1,-1
19980,1,1,0,1,1,1,1,1,1,1,1,1,1,1,1,1,1,1,1,1,1,1,1
19981,1,1,0,1,1,1,1,1,1,1,1,1,1,1,1,1,1,1,1,1,1,1,1
19982,1,1,0,1,1,1,1,1,1,1,1,1,1,1,1,1,1,1,1,1,1,1,1
19983,1,1,0,1,1,1,1,1,1,1,1,1,1,1,1,1,1,1,1,1,1,1,1
19984,1,1,0,1,1,1,1,1,1,1,1,1,1,1,1,1,1,1,1,1,1,1,1
19985,1,1,0,1,1,1,1,1,1,1,1,1,1,1,1,1,1,1,1,1,1,1,1
19986,1,1,0,1,1,1,1,1,1,1,1,1,1,1,1,1,1,1,1,1,1,1,1
19987,1,1,0,1,1,1,1,1,1,1,1,1,1,1,1,1,1,1,1,1,1,1,1
19988,1,1,0,1,1,1,1,1,1,1,1,1,1,1,1,1,1,1,1,1,1,1,1
19989,2,1,0,2,1,2,2,2,1,2,1,2,1,2,1,2,1,1,1,2,1,2,1
19990,0,1,0,0,1,0,0,0,1,0,1,0,1,0,1,0,1,1,1,0,1,0,1
19991,0,1,0,0,1,0,0,0,1,0,1,0,1,0,1,0,1,1,1,0,1,0,1
19992,0,1,0,0,1,0,0,0,1,0,1,0,1,0,1,0,1,1,1,0,1,0,1
19993,0,1,0,0,1,0,0,0,1,0,1,0,1,0,1,0,1,1,1,0,1,0,1
19994,0,1,0,0,1,0,0,0,1,0,1,0,1,0,1,0,1,1,1,0,1,0,1
19995,0,1,0,0,1,0,0,0,1,0,1,0,1,0,1,0,1,1,1,0,1,0,1
19996,0,1,0,0,1,0,0,0,1,0,1,0,1,0,1,0,1,1,1,0,1,0,1
19997,0,1,0,0,1,0,0,0,1,0,1,0,1,0,1,0,1,1,1,0,1,0,1
19998,0,1,0,0,1,0,0,0,1,0,1,0,1,0,1,0,1,1,1,0,1,0,1
19999,0,1,0,0,1,0,0,0,1,0,1,0,1,0,1,0,1,1,1,0,1,0,1
20000,0,1,0,0,1,0,0,0,1,0,1,0,1,0,1,0,1,1,1,0,1,0,1
20001,0,1,0,0,1,0,0,0,1,0,1,0,1,0,1,0,1,1,1,0,1,0,1
20002,0,1,0,0,1,0,0,0,1,0,1,0,1,0,1,0,1,1,1,0,1,0,1
20003,0,1,0,0,1,0,0,0,1,0,1,0,1,0,1,0,1,1,1,0,1,0,1
20004,0,1,0,0,1,0,0,0,1,0,1,0,1,0,1,0,1,1,1,0,1,0,1
20005,0,1,0,0,1,0,0,0,1,0,1,0,1,0,1,0,1,1,1,0,1,0,1
20006,0,1,0,0,1,0,0,0,1,0,1,0,1,0,1,0,1,1,1,0,1,0,1
20007,0,1,0,0,1,0,0,0,1,0,1,0,1,0,1,0,1,1,1,0,1,0,1
20008,0,1,0,0,1,0,0,0,1,0,1,0,1,0,1,0,1,1,1,0,1,0,1
20009,0,1,0,0,1,0,0,0,1,0,1,0,1,0,1,0,1,1,1,0,1,0,1
20010,0,1,0,0,1,0,0,0,1,0,1,0,1,0,1,0,1,1,1,0,1,0,1
20011,0,1,0,0,1,0,0,0,1,1,1,0,1,0,1,0,1,1,1,0,1,0,1
20012,0,1,0,0,1,0,0,0,1,1,1,0,1,0,1,0,1,1,1,0,2,0,1
20013,0,1,0,0,1,0,0,0,1,1,1,0,1,0,1,0,1,1,1,0,0,0,1
20014,0,1,0,0,1,0,0,0,1,1,1,0,1,0,1,0,1,1,1,0,0,0,1
20015,0,1,0,0,1,0,0,0,1,1,1,0,1,0,1,0,1,1,1,0,0,0,1
20016,0,1,0,0,1,0,0,0,1,1,1,0,1,0,1,0,1,1,1,0,0,0,1
20017,0,1,0,0,1,0,0,0,1,1,1,0,1,0,1,0,1,1,1,0,0,0,1
20018,0,1,0,0,1,0,0,0,1,1,1,0,1,0,1,0,1,1,1,0,0,0,1
20019,0,1,0,0,1,0,0,0,1,1,1,0,1,0,1,0,1,1,1,0,0,0,1
20020,0,1,0,0,1,0,0,0,1,1,1,0,1,0,1,0,1,1,1,0,0,0,1
20021,0,1,0,0,1,0,0,0,1,1,1,0,1,0,1,0,1,1,1,0,0,0,1
20022,0,1,0,0,1,0,0,0,1,1,1,0,1,0,1,0,1,1,1,0,0,0,1
20023,0,1,0,0,1,0,0,0,1,1,1,0,1,0,1,0,1,1,1,0,0,0,1
20024,0,1,0,0,1,0,0,0,1,1,1,0,1,0,1,0,1,1,1,0,0,0,1
20025,0,2,0,0,1,0,0,0,1,2,1,0,2,0,2,0,1,2,2,0,0,0,2
20026,0,0,0,0,1,0,0,0,1,0,1,0,0,0,0,0,1,0,0,0,0,0,0
20027,0,0,0,0,1,0,0,0,1,0,1,0,0,0,0,0,1,0,0,0,0,0,0
20028,0,0,0,0,1,0,0,0,1,0,1,0,0,0,0,0,1,0,0,0,0,0,0
20029,0,0,0,0,1,0,0,0,1,0,1,0,0,0,0,0,1,0,0,0,0,0,0
20030,0,0,0,0,1,0,0,0,1,0,1,0,0,0,0,0,1,0,0,0,0,0,0
20031,0,0,0,0,1,0,0,0,1,0,1,0,0,0,0,0,1,0,0,0,0,0,0
20032,0,0,0,0,1,0,0,0,1,0,1,0,0,0,0,0,1,0,0,0,0,0,0
20033,0,0,0,0,1,0,0,0,1,0,1,0,0,0,0,0,1,0,0,0,0,0,0
-1,-1,-1,-1,-1,-1,-1,-1,-1,-1,-1,-1,-1,-1,-1,-1,-1,-1,-1,-1,-1,-1,-1,-1
20445,0,0,0,0,0,0,0,0,0,0,0,0,0,0,0,0,0,0,0,0,0,0,0
20446,0,0,0,0,0,0,0,0,0,0,0,0,0,0,0,0,0,0,0,0,0,0,0
20447,0,0,0,0,0,0,0,0,0,0,0,0,0,0,0,0,0,0,0,0,0,0,0
20448,0,0,0,0,0,0,0,0,0,0,0,0,0,0,0,0,0,0,0,0,0,0,0
20449,0,0,0,0,0,0,0,0,0,0,0,0,0,0,0,0,0,0,0,0,0,0,0
20450,0,0,0,0,0,0,0,0,0,0,0,0,0,0,0,0,0,0,0,0,0,0,0
20451,0,0,0,0,0,0,0,0,0,0,0,0,0,0,0,0,0,0,0,0,0,0,0
20452,0,0,0,0,0,0,0,0,0,0,0,0,0,0,0,0,0,0,0,0,0,0,0
20453,0,0,0,0,0,0,0,0,0,0,0,0,0,0,0,0,0,0,0,0,0,0,0
20454,0,0,0,0,0,0,0,0,0,0,0,0,0,0,0,0,0,0,0,0,0,0,0
20455,0,1,0,1,1,1,1,0,1,1,1,0,1,1,0,0,1,1,1,1,1,0,1
20456,0,1,0,1,1,1,1,0,1,1,1,0,1,1,0,0,1,1,1,1,1,0,1
20457,0,1,0,1,1,1,1,0,1,1,1,0,1,1,0,0,1,1,1,1,1,0,1
20458,0,1,0,1,1,1,1,0,1,1,1,0,1,1,0,0,1,1,1,1,1,0,1
20459,0,2,0,2,1,2,2,0,2,2,2,0,2,2,0,0,2,2,2,2,2,0,2
20460,0,0,0,0,1,0,0,0,0,0,0,0,0,0,0,0,0,0,0,0,0,0,0
20461,0,0,0,0,1,0,0,0,0,0,0,0,0,0,0,0,0,0,0,0,0,0,0
20462,0,0,0,0,1,0,0,0,0,0,0,0,0,0,0,0,0,0,0,0,0,0,0
20463,0,0,0,0,1,0,0,0,0,0,0,0,0,0,0,0,0,0,0,0,0,0,0
20464,0,0,0,0,1,0,0,0,0,0,0,0,0,0,0,0,0,0,0,0,0,0,0
20465,0,0,0,0,1,0,0,0,0,0,0,0,0,0,0,0,0,0,0,0,0,0,0
20466,0,0,0,0,1,0,0,0,0,0,0,0,0,0,0,0,0,0,0,0,0,0,0
20467,0,0,0,0,1,0,0,0,0,0,0,0,0,0,0,0,0,0,0,0,0,0,0
20468,0,0,0,0,1,0,0,0,0,0,0,0,0,0,0,0,0,0,0,0,0,0,0
-1,-1,-1,-1,-1,-1,-1,-1,-1,-1,-1,-1,-1,-1,-1,-1,-1,-1,-1,-1,-1,-1,-1,-1
20708,0,0,0,0,0,0,0,0,0,0,1,0,0,0,0,0,0,0,0,0,0,0,0
20709,0,0,0,0,0,0,0,0,0,0,1,0,0,0,0,0,0,0,0,0,0,0,0
20710,0,0,0,0,0,0,0,0,0,0,1,0,0,0,0,0,0,0,0,0,0,0,0
20711,0,0,0,0,0,0,0,0,0,0,1,0,0,0,0,0,0,0,0,0,0,0,0
20712,1,1,0,1,1,1,1,1,1,1,1,1,1,1,1,1,1,1,1,1,1,1,1
20713,1,1,0,1,1,1,1,1,1,1,1,1,1,1,1,1,1,1,1,1,1,1,1
20714,1,1,0,1,1,1,1,1,1,1,1,1,1,1,1,1,1,1,1,1,1,1,1
20715,1,1,0,1,1,1,1,1,1,1,1,1,1,1,1,1,1,1,1,1,1,1,1
20716,1,1,0,1,1,1,1,1,1,1,1,1,1,1,1,1,1,1,1,1,1,1,1
20717,2,1,0,1,1,1,1,1,2,2,2,1,2,1,2,1,1,1,1,1,2,2,2
20718,0,1,0,1,1,1,1,1,0,0,0,1,0,1,0,1,1,1,1,1,0,0,0
20719,0,1,0,1,1,1,1,1,0,0,0,1,0,1,0,1,1,1,1,1,0,0,0
20720,0,1,0,1,1,1,1,1,0,0,0,1,0,1,0,1,1,1,1,1,0,0,0
20721,0,1,0,1,1,1,1,1,0,0,0,1,0,1,0,1,1,1,1,1,0,0,0
20722,0,1,0,1,1,1,1,1,0,0,0,1,0,1,0,1,1,1,1,1,0,0,0
20723,1,1,0,1,1,1,1,1,1,1,1,1,1,1,1,1,1,1,1,1,1,1,1
20724,1,1,0,1,1,1,1,1,1,1,1,1,1,1,1,1,1,1,1,1,1,1,1
20725,1,1,0,1,1,1,1,1,1,1,1,1,1,1,1,1,1,1,1,1,1,1,1
20726,1,1,0,1,1,1,1,1,1,1,1,1,1,1,1,1,1,1,1,1,1,1,1
20727,1,1,0,1,1,1,1,1,1,1,1,1,1,1,1,1,1,1,1,1,1,1,1
20728,1,1,0,1,1,1,1,1,1,1,1,1,1,1,1,1,1,1,1,1,1,1,1
20729,1,1,0,1,1,1,1,1,1,1,1,1,1,1,1,1,1,1,1,1,1,1,1
20730,1,1,0,1,1,1,1,1,1,1,1,1,1,1,1,1,1,1,1,1,1,1,1
20731,1,1,0,1,1,1,1,1,1,1,1,1,1,1,1,1,1,1,1,1,1,1,1
-1,-1,-1,-1,-1,-1,-1,-1,-1,-1,-1,-1,-1,-1,-1,-1,-1,-1,-1,-1,-1,-1,-1,-1
20790,1,1,0,1,1,1,1,1,1,0,1,1,1,1,1,0,1,1,1,1,1,1,1
20791,1,1,0,1,1,1,1,1,1,0,1,1,1,1,1,0,1,1,1,1,1,1,1
20792,1,1,0,1,1,1,1,1,1,0,1,1,1,1,1,0,1,1,1,1,1,1,1
20793,1,1,0,1,1,1,1,1,1,0,1,1,1,1,1,0,1,1,1,1,1,1,1
20794,1,1,0,1,1,1,1,1,1,0,1,1,1,1,1,0,1,1,1,1,1,1,1
20795,1,1,0,1,1,1,1,1,1,0,1,1,1,1,1,0,1,1,1,1,1,1,1
20796,1,1,0,1,1,1,1,1,1,1,1,1,1,1,1,1,1,1,1,1,1,1,1
20797,1,1,0,1,1,1,1,1,1,1,1,1,1,1,1,1,1,1,1,1,1,1,1
20798,1,1,0,1,1,1,1,1,1,1,1,1,1,1,1,1,1,1,1,1,1,1,1
20799,2,1,0,1,1,2,2,2,1,2,1,2,1,1,1,2,1,2,2,1,1,2,1
20800,0,1,0,1,1,0,0,0,1,0,1,0,1,1,1,0,1,0,0,1,1,0,1
20801,0,1,0,1,1,0,0,0,1,0,1,0,1,1,1,0,1,0,0,1,1,0,1
20802,0,1,0,1,1,0,0,0,1,0,1,0,1,1,1,0,1,0,0,1,1,0,1
20803,0,1,0,1,1,0,0,0,1,0,1,0,1,1,1,0,1,0,0,1,1,0,1
20804,0,1,0,1,1,0,0,0,1,0,1,0,1,1,1,0,1,0,0,1,1,0,1
20805,0,1,0,1,1,0,0,0,1,0,1,0,1,1,1,0,1,0,0,1,1,0,1
20806,0,1,0,1,1,0,0,0,1,0,1,0,1,1,1,0,1,0,0,1,1,0,1
20807,0,1,0,1,1,0,0,0,1,0,1,0,1,1,1,0,1,0,0,1,1,0,1
20808,0,1,0,1,1,0,0,0,1,0,1,0,1,1,1,0,1,0,0,1,1,0,1
20809,0,1,0,1,1,0,0,0,1,0,1,0,1,1,1,0,1,0,0,1,1,0,1
20810,0,1,0,1,1,0,0,0,1,0,1,0,1,1,1,0,1,0,0,1,1,0,1
20811,0,1,0,1,1,0,0,0,1,0,1,0,1,1,1,0,1,0,0,1,1,0,1
20812,0,1,0,1,1,0,0,0,1,0,1,0,1,1,1,0,1,0,0,1,1,0,1
20813,0,1,0,1,1,0,0,0,1,0,1,0,1,1,1,0,1,0,0,1,1,0,1
20814,1,1,0,1,1,1,1,1,1,1,1,1,1,1,1,1,1,1,1,1,1,1,1
20815,1,1,0,1,1,1,1,1,1,1,1,1,1,1,1,1,1,1,1,1,1,1,1
20816,1,1,0,1,1,1,1,1,1,1,1,1,1,1,1,1,1,1,1,1,1,1,1
20817,1,1,0,1,1,1,1,1,1,1,1,1,1,1,1,1,1,1,1,1,1,1,1
20818,1,1,0,1,1,1,1,1,1,1,1,1,1,1,1,1,1,1,1,1,1,1,1
20819,2,1,0,1,1,2,2,2,1,2,1,1,2,1,2,2,1,1,1,2,1,2,1
20820,0,1,0,1,1,0,0,0,1,0,1,1,0,1,0,0,1,1,1,0,1,0,1
20821,0,1,0,1,1,0,0,0,1,0,1,1,0,1,0,0,1,1,1,0,1,0,1
20822,0,1,0,1,1,0,0,0,1,0,1,1,0,1,0,0,1,1,1,0,1,0,1
-1,-1,-1,-1,-1,-1,-1,-1,-1,-1,-1,-1,-1,-1,-1,-1,-1,-1,-1,-1,-1,-1,-1,-1
20810,0,1,0,1,1,0,0,0,1,0,1,0,1,1,1,0,1,0,0,1,1,0,1
20811,0,1,0,1,1,0,0,0,1,0,1,0,1,1,1,0,1,0,0,1,1,0,1
20812,0,1,0,1,1,0,0,0,1,0,1,0,1,1,1,0,1,0,0,1,1,0,1
20813,0,1,0,1,1,0,0,0,1,0,1,0,1,1,1,0,1,0,0,1,1,0,1
20814,1,1,0,1,1,1,1,1,1,1,1,1,1,1,1,1,1,1,1,1,1,1,1
20815,1,1,0,1,1,1,1,1,1,1,1,1,1,1,1,1,1,1,1,1,1,1,1
20816,1,1,0,1,1,1,1,1,1,1,1,1,1,1,1,1,1,1,1,1,1,1,1
20817,1,1,0,1,1,1,1,1,1,1,1,1,1,1,1,1,1,1,1,1,1,1,1
20818,1,1,0,1,1,1,1,1,1,1,1,1,1,1,1,1,1,1,1,1,1,1,1
20819,2,1,0,1,1,2,2,2,1,2,1,1,2,1,2,2,1,1,1,2,1,2,1
20820,0,1,0,1,1,0,0,0,1,0,1,1,0,1,0,0,1,1,1,0,1,0,1
20821,0,1,0,1,1,0,0,0,1,0,1,1,0,1,0,0,1,1,1,0,1,0,1
20822,0,1,0,1,1,0,0,0,1,0,1,1,0,1,0,0,1,1,1,0,1,0,1
20823,0,1,0,1,1,0,0,0,1,0,1,1,0,1,0,0,1,1,1,0,1,0,1
20824,0,1,0,1,1,0,0,0,1,0,1,1,0,1,0,0,1,1,1,0,1,0,1
20825,0,1,0,1,1,0,0,0,1,0,1,1,0,1,0,0,1,1,1,0,1,0,1
20826,0,1,0,1,1,0,0,0,1,0,1,1,0,1,0,0,1,1,1,0,1,0,1
20827,0,1,0,1,1,0,0,0,1,0,1,1,0,1,0,0,1,1,1,0,1,0,1
20828,1,1,0,1,1,1,0,1,1,1,1,1,1,1,1,1,1,1,1,1,1,1,1
20829,1,1,0,1,1,1,0,1,1,1,1,1,1,1,1,1,1,1,1,1,1,1,1
20830,1,1,0,1,1,1,0,1,1,1,1,1,1,1,1,1,1,1,1,1,1,1,1
20831,1,1,0,1,1,1,0,1,1,1,1,1,1,1,1,1,1,1,1,1,1,1,1
20832,1,1,0,1,1,1,0,1,1,1,1,1,1,1,1,1,1,1,1,1,1,1,1
20833,1,1,0,1,1,1,0,2,1,2,1,2,2,1,1,2,1,1,1,2,1,1,1
20834,1,1,0,1,1,1,0,0,1,0,1,0,0,1,1,0,1,1,1,0,1,1,1
20835,2,1,0,1,1,1,0,0,1,0,1,0,0,1,1,0,1,1,1,0,1,1,1
20836,0,1,0,1,1,1,0,0,1,0,1,0,0,1,1,0,1,1,1,0,1,1,1
-1,-1,-1,-1,-1,-1,-1,-1,-1,-1,-1,-1,-1,-1,-1,-1,-1,-1,-1,-1,-1,-1,-1,-1
20825,0,1,0,1,1,0,0,0,1,0,1,1,0,1,0,0,1,1,1,0,1,0,1
20826,0,1,0,1,1,0,0,0,1,0,1,1,0,1,0,0,1,1,1,0,1,0,1
20827,0,1,0,1,1,0,0,0,1,0,1,1,0,1,0,0,1,1,1,0,1,0,1
20828,1,1,0,1,1,1,0,1,1,1,1,1,1,1,1,1,1,1,1,1,1,1,1
20829,1,1,0,1,1,1,0,1,1,1,1,1,1,1,1,1,1,1,1,1,1,1,1
20830,1,1,0,1,1,1,0,1,1,1,1,1,1,1,1,1,1,1,1,1,1,1,1
20831,1,1,0,1,1,1,0,1,1,1,1,1,1,1,1,1,1,1,1,1,1,1,1
20832,1,1,0,1,1,1,0,1,1,1,1,1,1,1,1,1,1,1,1,1,1,1,1
20833,1,1,0,1,1,1,0,2,1,2,1,2,2,1,1,2,1,1,1,2,1,1,1
20834,1,1,0,1,1,1,0,0,1,0,1,0,0,1,1,0,1,1,1,0,1,1,1
20835,2,1,0,1,1,1,0,0,1,0,1,0,0,1,1,0,1,1,1,0,1,1,1
20836,0,1,0,1,1,1,0,0,1,0,1,0,0,1,1,0,1,1,1,0,1,1,1
20837,0,1,0,1,1,1,0,0,1,0,1,0,0,1,1,0,1,1,1,0,1,1,1
20838,0,1,0,1,1,1,0,0,1,0,1,0,0,1,1,0,1,1,1,0,1,1,1
20839,0,1,0,1,1,1,0,0,1,0,1,0,0,1,1,0,1,1,1,0,1,1,1
20840,0,1,0,1,1,1,0,0,1,0,1,0,0,1,1,0,1,1,1,0,1,1,1
20841,0,1,0,1,1,1,0,0,1,0,1,0,0,1,1,0,1,1,1,0,1,1,1
20842,0,1,0,1,1,1,0,0,1,0,1,0,0,1,1,0,1,1,1,0,1,1,1
20843,0,1,0,1,1,1,0,0,1,0,1,0,0,1,1,0,1,1,1,0,1,1,1
20844,1,1,0,1,1,1,1,1,1,1,1,1,1,1,1,1,1,1,1,1,1,1,1
20845,1,1,0,1,1,1,1,1,1,1,1,1,1,1,1,1,1,1,1,1,1,1,1
20846,1,1,0,1,1,1,1,1,1,1,1,1,1,1,1,1,1,1,1,1,1,1,1
20847,1,1,0,1,1,1,1,1,1,1,1,1,1,1,1,1,1,1,1,1,1,1,1
20848,1,1,0,1,1,1,1,1,1,1,1,1,1,1,1,1,1,1,1,1,1,1,1
20849,2,2,0,2,2,2,2,2,2,2,2,2,2,2,2,2,2,2,2,2,2,2,2
20850,0,0,0,0,0,0,0,0,0,0,0,0,0,0,0,0,0,0,0,0,0,0,0
20851,0,0,0,0,0,0,0,0,0,0,0,0,0,0,0,0,0,0,0,0,0,0,0
20852,0,0,0,0,0,0,0,0,0,0,0,0,0,0,0,0,0,0,0,0,0,0,0
-1,-1,-1,-1,-1,-1,-1,-1,-1,-1,-1,-1,-1,-1,-1,-1,-1,-1,-1,-1,-1,-1,-1,-1
21173,0,0,0,0,0,0,0,0,0,0,0,0,0,0,0,0,0,0,0,0,0,0,0
21174,0,0,0,0,0,0,0,0,0,0,0,0,0,0,0,0,0,0,0,0,0,0,0
21175,0,0,0,0,0,0,0,0,0,0,0,0,0,0,0,0,0,0,0,0,0,0,0
21176,0,0,0,0,0,0,0,0,0,0,0,0,0,0,0,0,0,0,0,0,0,0,0
21177,0,0,0,0,0,0,0,0,0,0,0,0,0,0,0,0,0,0,0,0,0,0,0
21178,0,0,0,0,0,0,0,0,0,0,0,0,0,0,0,0,0,0,0,0,0,0,0
21179,0,0,0,0,0,0,0,0,0,0,0,0,0,0,0,0,0,0,0,0,0,0,0
21180,1,1,0,1,1,1,1,1,1,1,1,1,1,1,1,1,1,1,1,1,1,1,1
21181,1,1,0,1,1,2,1,2,1,1,1,1,2,1,2,1,1,1,1,1,1,2,1
21182,1,1,0,1,1,0,1,0,1,1,1,1,0,1,0,1,1,1,1,1,1,0,1
21183,2,1,0,1,1,0,1,0,1,1,1,1,0,1,0,1,1,1,1,1,1,0,1
21184,0,1,0,1,1,0,1,0,1,1,1,1,0,1,0,1,1,1,1,1,1,0,1
21185,0,1,0,1,1,0,1,0,1,1,1,1,0,1,0,1,1,1,1,1,1,0,1
21186,0,1,0,1,1,0,1,0,1,1,1,1,0,1,0,1,1,1,1,1,1,0,1
21187,0,1,0,1,1,0,1,0,1,1,1,1,0,1,0,1,1,1,1,1,1,0,1
21188,0,1,0,1,1,0,1,0,1,1,1,1,0,1,0,1,1,1,1,1,1,0,1
21189,0,1,0,1,1,0,1,0,1,1,1,1,0,1,0,1,1,1,1,1,1,0,1
21190,0,1,0,1,1,0,1,0,1,1,1,1,0,1,0,1,1,1,1,1,1,0,1
21191,0,1,0,1,1,0,1,0,1,1,1,1,0,1,0,1,1,1,1,1,1,0,1
21192,0,1,0,1,1,0,1,0,1,1,1,1,0,1,0,1,1,1,1,1,1,0,1
21193,0,1,0,1,1,0,1,0,1,1,1,1,0,1,0,1,1,1,1,1,1,0,1
21194,0,1,0,1,1,0,1,0,1,2,1,2,0,2,0,1,1,1,2,1,2,0,2
21195,0,1,0,1,1,0,1,0,1,0,1,0,0,0,0,1,1,1,0,1,0,0,0
21196,0,1,0,1,1,0,1,0,1,0,1,0,0,0,0,1,1,1,0,1,0,0,0
21197,0,1,0,1,1,0,1,0,1,0,1,0,0,0,0,1,1,1,0,1,0,0,0
21198,0,1,0,1,1,0,1,0,1,0,1,0,0,0,0,1,1,1,0,1,0,0,0
21199,0,1,0,1,1,0,2,0,1,0,1,0,0,0,0,1,1,1,0,1,0,0,0
21200,0,1,0,1,1,0,0,0,1,0,1,0,0,0,0,1,1,1,0,1,0,0,0
21201,0,1,0,1,1,0,0,0,1,0,1,0,0,0,0,1,1,1,0,1,0,0,0
21202,0,1,0,1,1,0,0,0,1,0,1,0,0,0,0,1,1,1,0,1,0,0,0
-1,-1,-1,-1,-1,-1,-1,-1,-1,-1,-1,-1,-1,-1,-1,-1,-1,-1,-1,-1,-1,-1,-1,-1
21524,0,0,0,0,0,0,0,0,0,0,0,0,0,0,0,0,0,0,0,0,0,0,0
21525,0,0,0,0,0,0,0,0,0,0,0,0,0,0,0,0,0,0,0,0,0,0,0
21526,0,0,0,0,0,0,0,0,0,0,0,0,0,0,0,0,0,0,0,0,0,0,0
21527,0,0,0,0,0,0,0,0,0,0,0,0,0,0,0,0,0,0,0,0,0,0,0
21528,0,0,0,0,0,0,0,0,0,0,0,0,0,0,0,0,0,0,0,0,0,0,0
21529,0,0,0,0,0,0,0,0,0,0,0,0,0,0,0,0,0,0,0,0,0,0,0
21530,0,0,0,0,0,0,0,0,0,0,0,0,1,0,0,0,0,0,0,0,1,0,0
21531,0,0,0,0,0,0,0,0,0,0,0,0,1,0,0,0,0,0,0,0,1,0,0
21532,0,0,0,0,0,0,0,0,0,0,0,0,1,0,0,0,0,0,0,0,1,0,0
21533,0,1,0,0,0,0,0,0,1,0,1,0,1,0,1,0,1,1,1,0,1,0,0
21534,0,1,0,0,1,0,0,0,1,0,1,0,1,0,1,0,1,1,1,1,1,0,0
21535,0,1,0,0,1,0,0,0,1,0,1,0,1,0,1,0,1,1,1,1,1,0,0
21536,0,1,0,0,1,0,0,0,1,0,1,0,1,0,1,0,1,1,1,1,1,0,0
21537,0,1,0,0,1,0,0,0,1,0,1,0,1,0,1,0,1,1,1,1,1,0,0
21538,0,1,0,0,1,0,0,0,1,0,1,0,1,0,1,0,1,1,1,1,1,0,0
21539,0,1,0,0,1,0,0,0,1,0,1,0,1,0,1,0,1,1,1,1,1,0,0
21540,0,1,0,0,1,0,0,0,1,0,1,0,1,0,1,0,1,1,1,1,1,0,0
21541,1,1,0,1,1,1,1,1,1,1,1,1,1,1,1,1,1,1,1,1,1,1,1
21542,2,2,0,2,2,2,2,2,1,2,2,2,2,2,2,2,2,2,2,1,2,2,2
21543,0,0,0,0,0,0,0,0,1,0,0,0,0,0,0,0,0,0,0,1,0,0,0
21544,0,0,0,0,0,0,0,0,1,0,0,0,0,0,0,0,0,0,0,1,0,0,0
21545,0,0,0,0,0,0,0,0,1,0,0,0,0,0,0,0,0,0,0,1,0,0,0
21546,0,0,0,0,0,0,0,0,1,0,0,0,0,0,0,0,0,0,0,1,0,0,0
21547,0,0,0,0,0,0,0,0,1,0,0,0,0,0,0,0,0,0,0,1,0,0,0
21548,0,0,0,0,0,0,0,0,1,0,0,0,0,0,0,0,0,0,0,1,0,0,0
21549,0,0,0,0,0,0,0,0,1,0,0,0,0,0,0,0,0,0,0,1,0,0,0
-1,-1,-1,-1,-1,-1,-1,-1,-1,-1,-1,-1,-1,-1,-1,-1,-1,-1,-1,-1,-1,-1,-1,-1
21947,2,2,0,1,2,2,2,2,2,2,2,2,1,2,1,1,2,1,2,1,2,2,2
21948,0,0,0,1,0,0,0,0,0,0,0,0,1,0,1,1,0,1,0,1,0,0,0
21949,0,0,0,1,0,0,0,0,0,0,0,0,1,0,1,1,0,1,0,1,0,0,0
21950,0,0,0,1,0,0,0,0,0,0,0,0,1,0,1,1,0,1,0,1,0,0,0
21951,0,0,0,1,0,0,0,0,0,0,0,0,1,0,1,1,0,1,0,1,0,0,0
21952,0,0,0,1,0,0,0,0,0,0,0,0,1,0,1,1,0,1,0,1,0,0,0
21953,0,0,0,1,0,0,0,0,0,0,0,0,1,0,1,1,0,1,0,1,0,0,0
21954,0,0,0,1,0,0,0,0,0,0,0,0,1,0,1,1,0,1,0,1,0,0,0
21955,0,0,0,1,0,0,0,0,0,0,0,0,1,0,1,1,0,1,1,1,1,0,0
21956,0,0,0,1,0,0,0,0,0,0,0,0,1,0,1,1,0,1,1,1,1,0,0
21957,0,1,0,1,0,0,0,0,1,0,1,0,1,0,1,1,0,1,1,1,1,0,0
21958,0,1,0,1,1,0,0,0,1,0,1,0,1,0,1,1,0,1,1,1,1,0,0
21959,0,1,0,1,1,0,0,0,1,0,1,0,1,0,1,1,0,1,1,1,1,0,0
21960,0,1,0,1,1,0,0,0,1,0,1,0,1,0,1,1,0,1,1,1,1,0,0
21961,0,1,0,1,1,0,0,0,1,0,1,0,1,0,1,1,0,1,1,1,1,0,0
21962,0,1,0,1,1,0,0,0,1,0,1,0,1,0,1,1,0,1,1,1,1,0,0
21963,0,1,0,1,1,0,0,0,1,0,1,0,1,0,1,1,0,1,1,1,1,0,0
21964,0,1,0,1,1,0,0,0,1,0,1,0,1,0,1,1,0,1,1,1,1,0,0
21965,1,1,0,1,1,1,1,1,1,1,1,1,1,1,1,1,1,1,1,1,1,1,1
21966,2,2,0,2,2,2,2,2,1,2,1,2,2,1,2,2,2,2,2,1,2,2,2
21967,0,0,0,0,0,0,0,0,1,0,1,0,0,1,0,0,0,0,0,1,0,0,0
21968,0,0,0,0,0,0,0,0,1,0,1,0,0,1,0,0,0,0,0,1,0,0,0
21969,0,0,0,0,0,0,0,0,1,0,1,0,0,1,0,0,0,0,0,1,0,0,0
21970,0,0,0,0,0,0,0,0,1,0,1,0,0,1,0,0,0,0,0,1,0,0,0
21971,0,0,0,0,0,0,0,0,1,0,1,0,0,1,0,0,0,0,0,1,0,0,0
21972,0,0,0,0,0,0,0,0,1,0,1,0,0,1,0,0,0,0,0,1,0,0,0
21973,0,0,0,0,0,0,0,0,1,0,1,0,0,1,0,0,0,0,0,1,0,0,0
-1,-1,-1,-1,-1,-1,-1,-1,-1,-1,-1,-1,-1,-1,-1,-1,-1,-1,-1,-1,-1,-1,-1,-1
22952,0,0,0,0,0,0,0,0,0,0,0,0,0,0,0,0,0,0,0,0,0,0,0
22953,0,0,0,0,0,0,0,0,0,0,0,0,0,0,0,0,0,0,0,0,0,0,0
22954,0,0,0,0,0,0,0,0,0,0,0,0,0,0,0,0,0,0,0,0,0,0,0
22955,0,0,0,0,0,0,0,0,0,0,0,0,0,0,0,0,0,0,0,0,0,0,0
22956,0,0,0,0,0,0,0,0,0,0,0,0,0,0,0,0,0,0,0,0,0,0,0
22957,1,1,0,1,1,1,1,1,1,1,1,1,1,1,1,1,1,1,1,1,1,1,1
22958,1,1,0,1,1,1,1,1,1,1,1,1,1,1,1,1,1,1,1,1,1,1,1
22959,1,1,0,1,1,1,1,1,1,1,1,1,1,1,1,1,1,1,1,1,1,1,1
22960,1,1,0,1,1,2,2,2,1,1,1,2,1,1,1,2,1,1,1,2,1,1,1
22961,1,1,0,1,1,0,0,0,1,1,1,0,1,1,1,0,1,1,1,0,1,1,1
22962,2,1,0,1,1,0,0,0,1,1,1,0,1,1,1,0,1,1,1,0,1,1,1
22963,0,1,0,1,1,0,0,0,1,1,1,0,1,1,1,0,1,1,1,0,1,1,1
22964,0,2,0,1,2,0,0,0,2,1,1,0,2,2,2,0,2,1,2,0,2,1,2
22965,0,0,0,1,0,0,0,0,0,1,1,0,0,0,0,0,0,1,0,0,0,1,0
22966,0,0,0,1,0,0,0,0,0,1,1,0,0,0,0,0,0,1,0,0,0,1,0
22967,0,0,0,1,0,0,0,0,0,1,1,0,0,0,0,0,0,1,0,0,0,1,0
22968,0,0,0,1,0,0,0,0,0,1,1,0,0,0,0,0,0,1,0,0,0,1,0
22969,0,0,0,1,0,0,0,0,0,1,1,0,0,0,0,0,0,1,0,0,0,1,0
22970,0,0,0,1,0,0,0,0,0,1,1,0,0,0,0,0,0,1,0,0,0,1,0
22971,0,0,0,1,0,0,0,0,0,1,1,0,0,0,0,0,0,1,0,0,0,1,0
22972,0,0,0,1,0,0,0,0,0,1,1,0,0,0,0,0,0,1,0,0,0,1,0
22973,0,0,0,1,0,0,0,0,0,1,1,0,0,0,0,0,0,1,0,0,0,1,0
-1,-1,-1,-1,-1,-1,-1,-1,-1,-1,-1,-1,-1,-1,-1,-1,-1,-1,-1,-1,-1,-1,-1,-1
24180,1,1,0,1,1,0,1,1,1,1,1,1,1,1,0,1,1,1,1,1,1,1,1
24181,1,1,0,1,1,0,1,1,1,1,1,1,1,1,0,1,1,1,1,1,1,1,1
24182,1,1,0,1,1,0,1,1,1,1,1,1,1,1,0,1,1,1,1,1,1,1,1
24183,2,2,0,1,2,0,1,1,1,2,2,1,1,1,0,1,2,1,2,1,2,2,2
24184,0,0,0,1,0,0,1,1,1,0,0,1,1,1,0,1,0,1,0,1,0,0,0
24185,0,0,0,1,0,0,1,1,1,0,0,1,1,1,0,1,0,1,0,1,0,0,0
24186,0,0,0,1,0,0,1,1,1,0,0,1,1,1,0,1,0,1,0,1,0,0,0
24187,0,0,0,1,0,0,1,1,1,0,0,1,1,1,0,1,0,1,0,1,0,0,0
24188,0,0,0,1,0,0,1,1,1,0,0,1,1,1,0,1,0,1,0,1,0,0,0
24189,0,0,0,1,0,0,1,1,1,0,0,1,1,1,0,1,0,1,0,1,0,0,0
24190,0,1,0,1,0,0,1,1,1,0,0,1,1,1,0,1,0,1,0,1,0,0,0
24191,0,1,0,1,0,0,1,1,1,0,0,1,1,1,0,1,0,1,0,1,0,0,0
24192,0,1,0,1,0,0,1,1,1,0,0,1,1,1,0,1,0,1,0,1,0,0,0
24193,0,1,0,1,0,0,1,1,1,0,0,1,1,1,0,1,0,1,0,1,0,0,0
24194,0,1,0,1,0,0,1,1,1,0,0,1,1,1,0,1,0,1,0,1,0,0,0
24195,0,2,0,2,0,0,2,2,2,0,0,2,2,2,0,2,0,2,0,2,0,0,0
24196,0,0,0,0,0,0,0,0,0,0,0,0,0,0,0,0,0,0,0,0,0,0,0
24197,0,0,0,0,0,0,0,0,0,0,0,0,0,0,0,0,0,0,0,0,0,0,0
24198,0,0,0,0,0,0,0,0,0,0,0,0,0,0,0,0,0,0,0,0,0,0,0
24199,0,0,0,0,0,0,0,0,0,0,0,0,0,0,0,0,0,0,0,0,0,0,0
24200,0,0,0,0,0,0,0,0,0,0,0,0,0,0,0,0,0,0,0,0,0,0,0
24201,0,0,0,0,0,0,0,0,0,0,0,0,0,0,0,0,0,0,0,0,0,0,0
24202,0,0,0,0,0,0,0,0,0,0,0,0,0,0,0,0,0,0,0,0,0,0,0
24203,0,0,0,0,0,0,0,0,0,0,0,0,0,0,0,0,0,0,0,0,0,0,0
24204,0,0,0,0,0,0,0,0,0,0,0,0,0,0,0,0,0,0,0,0,0,0,0
-1,-1,-1,-1,-1,-1,-1,-1,-1,-1,-1,-1,-1,-1,-1,-1,-1,-1,-1,-1,-1,-1,-1,-1
24847,0,0,0,0,0,0,0,0,0,0,0,0,0,0,0,0,0,0,0,0,0,0,0
24848,0,0,0,0,0,0,0,0,0,0,0,0,0,0,0,0,0,0,0,0,0,0,0
24849,0,0,0,0,0,0,0,0,0,0,0,0,0,0,0,0,0,0,0,0,0,0,0
24850,0,0,0,0,0,0,0,0,0,0,0,0,0,0,0,0,0,0,0,0,0,0,0
24851,0,0,0,0,0,0,0,0,0,0,0,0,0,0,0,0,0,0,0,0,0,0,0
24852,0,0,0,0,0,0,0,0,0,0,0,0,0,0,0,0,0,0,0,0,0,0,0
24853,0,0,0,0,0,0,0,0,0,0,0,0,0,0,0,0,0,0,0,0,0,0,0
24854,0,0,0,0,0,0,0,0,0,0,0,0,0,0,0,0,0,0,0,0,0,0,0
24855,0,0,0,0,0,0,0,0,0,0,0,0,0,0,0,0,0,0,0,0,0,0,0
24856,0,0,0,0,0,0,0,0,0,0,0,0,0,0,0,0,0,0,0,0,0,0,0
24857,0,1,0,1,0,1,1,0,1,1,0,1,1,1,0,0,1,1,1,1,0,1,1
24858,0,1,0,1,0,1,1,0,1,1,0,1,1,1,0,0,1,1,1,1,0,1,1
24859,0,2,0,2,0,2,2,0,2,2,0,2,2,2,0,0,2,2,2,2,0,2,2
24860,0,0,0,0,0,0,0,0,0,0,0,0,0,0,0,0,0,0,0,0,0,0,0
24861,0,0,0,0,0,0,0,0,0,0,0,0,0,0,0,0,0,0,0,0,0,0,0
24862,0,0,0,0,0,0,0,0,0,0,0,0,0,0,0,0,0,0,0,0,0,0,0
24863,1,1,0,1,1,1,1,1,1,1,1,1,1,1,1,1,1,1,1,1,1,1,1
24864,1,1,0,1,1,1,1,1,1,1,1,1,1,1,1,1,1,1,1,1,1,1,1
24865,1,1,0,1,1,1,1,1,1,1,1,1,1,1,1,1,1,1,1,1,1,1,1
24866,2,2,0,2,2,2,2,2,2,2,2,2,2,2,2,2,2,2,2,2,2,2,2
24867,0,0,0,0,0,0,0,0,0,0,0,0,0,0,0,0,0,0,0,0,0,0,0
24868,0,0,0,0,0,0,0,0,0,0,0,0,0,0,0,0,0,0,0,0,0,0,0
-1,-1,-1,-1,-1,-1,-1,-1,-1,-1,-1,-1,-1,-1,-1,-1,-1,-1,-1,-1,-1,-1,-1,-1
24954,0,0,0,0,0,0,0,0,1,0,0,0,0,0,0,0,0,0,1,1,0,0,0
24955,0,0,0,0,0,0,0,0,1,0,0,0,0,0,0,0,0,0,1,1,0,0,0
24956,0,0,0,0,0,0,0,0,1,0,0,0,0,0,0,0,0,0,1,1,0,0,0
24957,0,0,0,0,0,0,0,0,1,0,0,0,0,0,0,0,0,0,1,1,0,0,0
24958,1,1,0,1,1,1,1,1,1,1,1,1,1,1,1,1,1,1,1,1,1,1,1
24959,1,1,1,1,1,1,1,1,1,1,1,1,1,1,1,1,1,1,1,1,1,1,1
24960,1,1,0,1,1,1,1,1,1,1,1,1,1,1,1,1,1,1,1,1,1,1,1
24961,1,1,0,1,1,1,1,1,1,1,1,1,1,1,1,1,1,1,1,1,1,1,1
24962,1,1,0,1,1,2,1,1,1,2,1,1,1,1,2,1,2,1,2,1,2,1,1
24963,1,1,0,1,1,0,1,1,1,0,1,1,1,1,0,1,0,1,0,1,0,1,1
24964,2,1,0,1,1,0,1,1,1,0,1,1,1,1,0,1,0,1,0,1,0,1,1
24965,0,1,0,1,1,0,1,1,1,0,1,1,1,1,0,1,0,1,0,1,0,1,1
24966,0,1,0,1,1,0,1,1,1,0,1,1,1,1,0,1,0,1,0,1,0,1,1
24967,0,1,0,1,1,0,1,1,1,0,1,1,1,1,0,1,0,1,0,1,0,1,1
24968,0,1,0,1,1,0,1,1,1,0,1,1,1,1,0,1,0,1,0,1,0,1,1
24969,0,1,0,1,1,0,1,1,1,0,1,1,1,1,0,1,0,1,0,1,0,1,1
24970,0,1,0,1,1,0,1,1,1,0,1,1,1,1,0,1,0,1,0,1,0,1,1
24971,0,1,0,1,1,0,1,1,1,0,1,1,1,1,0,1,0,1,0,1,0,1,1
24972,0,1,0,1,1,0,1,1,1,0,1,1,1,1,0,1,0,1,0,1,0,1,1
24973,0,1,0,1,1,0,1,1,1,0,1,1,1,1,0,1,0,1,0,1,0,1,1
24974,0,1,0,1,1,0,1,1,1,0,1,1,1,1,0,1,0,1,0,1,0,1,1
24975,0,1,0,1,1,0,1,1,1,0,1,1,1,1,0,1,0,1,0,1,0,1,1
24976,0,1,0,1,1,0,1,1,1,0,1,1,1,1,0,1,0,1,0,1,0,1,1
24977,0,1,0,1,1,0,1,1,1,0,1,1,1,1,0,1,0,1,0,1,0,1,1
24978,0,1,0,1,1,0,1,1,1,0,1,1,1,1,0,1,0,1,0,1,0,1,1
24979,0,1,0,1,1,0,1,1,1,0,1,1,1,1,0,1,0,1,0,1,0,1,1
24980,0,1,0,1,1,0,1,1,1,0,1,1,1,1,0,1,0,1,0,1,0,1,1
24981,0,1,0,1,1,0,1,1,1,0,1,1,1,1,0,1,0,1,0,1,0,1,1
24982,0,1,0,1,1,0,1,1,1,0,1,1,1,1,0,1,0,1,0,1,0,1,1
24983,0,1,0,1,1,0,1,1,1,0,1,1,1,1,0,1,0,1,0,1,0,1,1
24984,0,1,0,1,1,0,1,1,1,0,1,1,1,1,0,1,0,1,0,1,0,1,1
24985,0,1,0,1,1,0,1,1,1,0,1,1,1,1,0,1,0,1,0,1,0,1,1
24986,0,1,0,1,1,0,1,1,1,0,1,1,1,1,0,1,0,1,0,1,0,1,1
24987,0,1,0,1,1,0,1,1,1,0,1,1,1,1,0,1,0,1,0,1,0,1,1
24988,0,1,0,1,1,0,1,1,1,0,1,1,1,1,0,1,0,1,0,1,0,1,1
24989,0,1,0,1,1,0,1,1,1,0,1,1,1,1,0,1,0,1,0,1,0,1,1
24990,0,1,0,1,1,0,1,1,1,0,1,1,1,1,0,1,0,1,0,1,0,1,1
24991,0,1,0,1,1,0,1,1,1,0,1,1,1,1,0,1,0,1,0,1,0,1,1
24992,0,1,0,1,1,0,1,1,1,0,1,1,1,1,0,1,0,1,0,1,0,1,1
24993,0,1,0,1,1,0,1,1,1,0,1,1,1,1,0,1,0,1,0,1,0,1,1
24994,0,1,0,1,1,0,1,1,1,0,1,1,1,1,0,1,0,1,0,1,0,1,1
24995,0,1,0,1,1,0,1,1,1,0,1,1,1,1,0,1,0,1,0,1,0,1,1
24996,0,1,0,1,1,0,1,1,1,0,1,1,1,1,0,1,0,1,0,1,0,1,1
24997,0,1,0,1,1,0,1,1,1,0,1,1,1,1,0,1,0,1,0,1,0,1,1
24998,1,1,0,1,1,1,1,1,1,1,1,1,1,1,1,1,1,1,1,1,1,1,1
24999,1,1,0,1,1,1,1,1,1,1,1,1,1,1,1,1,1,1,1,1,1,1,1
25000,1,1,0,1,1,1,1,1,1,1,1,1,1,1,1,1,1,1,1,1,1,1,1
25001,2,1,0,2,2,2,2,2,1,2,1,2,2,2,2,2,2,2,2,2,2,2,2
25002,0,1,0,0,0,0,0,0,1,0,1,0,0,0,0,0,0,0,0,0,0,0,0
25003,0,1,0,0,0,0,0,0,1,0,1,0,0,0,0,0,0,0,0,0,0,0,0
25004,0,1,0,0,0,0,0,0,1,0,1,0,0,0,0,0,0,0,0,0,0,0,0
25005,0,1,0,0,0,0,0,0,1,0,1,0,0,0,0,0,0,0,0,0,0,0,0
25006,0,1,0,0,0,0,0,0,1,0,1,0,0,0,0,0,0,0,0,0,0,0,0
-1,-1,-1,-1,-1,-1,-1,-1,-1,-1,-1,-1,-1,-1,-1,-1,-1,-1,-1,-1,-1,-1,-1,-1
25478,1,1,0,1,1,0,1,1,1,1,1,1,1,1,1,1,1,1,1,1,1,1,1
25479,1,1,0,1,1,0,1,1,1,1,1,1,1,1,1,1,1,1,1,1,1,1,1
25480,1,1,0,1,1,0,1,1,1,1,1,1,1,1,1,1,1,1,1,1,1,1,1
25481,1,1,0,1,1,0,1,1,1,1,1,1,1,1,1,1,1,1,1,1,1,1,1
25482,1,1,0,1,1,0,1,1,1,1,1,1,1,1,1,1,1,1,1,1,1,1,1
25483,1,1,0,1,1,0,1,1,1,1,1,1,1,1,1,1,1,1,1,1,1,1,1
25484,1,1,0,1,1,0,1,1,1,1,1,1,1,1,1,1,1,1,1,1,1,1,1
25485,1,1,0,1,1,0,1,1,1,1,1,1,1,1,1,1,1,1,1,1,1,1,1
25486,1,1,0,1,1,0,1,1,1,1,1,1,1,1,1,1,1,1,1,1,1,1,1
25487,2,1,0,1,1,0,1,1,1,2,1,2,2,1,2,1,1,2,2,1,2,1,1
25488,0,1,0,1,1,0,1,1,1,0,1,0,0,1,0,1,1,0,0,1,0,1,1
25489,0,1,0,1,1,0,1,1,1,0,1,0,0,1,0,1,1,0,0,1,0,1,1
25490,0,1,0,1,1,0,1,1,1,0,1,0,0,1,0,1,1,0,0,1,0,1,1
25491,0,1,0,1,1,0,1,1,1,0,1,0,0,1,0,1,1,0,0,1,0,1,1
25492,0,1,0,1,1,0,1,1,1,0,1,0,0,1,0,1,1,0,0,1,0,1,1
25493,0,1,0,1,1,0,1,1,1,0,1,0,0,1,0,1,1,0,0,1,0,1,1
25494,0,1,0,1,1,0,1,1,1,0,1,0,0,1,0,1,1,0,0,1,0,2,1
25495,0,1,0,1,1,0,1,1,1,0,1,0,0,1,0,1,1,0,0,1,0,0,1
25496,0,1,0,1,1,0,1,1,1,0,1,0,0,1,0,1,1,0,0,1,0,0,1
25497,0,1,0,1,1,0,1,1,1,0,1,0,0,1,0,1,1,0,0,1,0,0,1
25498,0,1,0,1,1,0,1,1,1,0,1,0,0,1,0,1,1,0,0,1,0,0,1
25499,0,1,0,1,1,0,1,1,1,0,1,0,0,1,0,1,1,0,0,1,0,0,1
25500,0,1,0,1,1,0,1,1,1,0,1,0,0,1,0,1,1,0,0,1,0,0,1
25501,0,1,0,1,1,0,1,1,1,0,1,0,0,1,0,1,1,0,0,1,0,0,1
25502,0,1,0,1,1,0,1,1,1,0,1,0,0,1,0,1,1,0,0,1,0,0,1
25503,0,1,0,1,1,0,1,1,1,0,1,0,0,1,0,1,1,0,0,1,0,0,1
25504,0,1,0,1,1,0,2,2,1,0,1,0,0,1,0,1,1,0,0,1,0,0,1
25505,0,1,0,1,1,0,0,0,1,0,1,0,0,1,0,1,1,0,0,1,0,0,1
25506,0,1,0,1,1,0,0,0,1,0,1,0,0,1,0,1,1,0,0,1,0,0,1
25507,0,1,0,1,1,0,0,0,1,0,1,0,0,1,0,1,1,0,0,1,0,0,1
25508,0,1,0,1,1,0,0,0,1,0,1,0,0,1,0,1,1,0,0,1,0,0,1
25509,0,1,0,1,1,0,0,0,1,0,1,0,0,1,0,1,1,0,0,1,0,0,1
25510,0,1,0,1,1,0,0,0,1,0,1,0,0,1,0,1,1,0,0,1,0,0,1
25511,0,1,0,1,1,0,0,0,1,0,1,0,0,1,0,1,1,0,0,1,0,0,1
25512,0,1,0,1,1,0,0,0,1,0,1,0,0,1,0,1,1,0,0,1,0,0,1
25513,0,1,0,1,1,0,0,0,1,0,1,0,0,1,0,1,1,0,0,1,0,0,1
-1,-1,-1,-1,-1,-1,-1,-1,-1,-1,-1,-1,-1,-1,-1,-1,-1,-1,-1,-1,-1,-1,-1,-1
25540,0,1,0,1,1,0,0,0,1,0,1,0,0,1,0,1,0,0,0,1,0,0,1
25541,0,1,0,1,1,0,0,0,1,0,1,0,0,1,0,1,0,0,0,1,0,0,1
25542,0,1,0,1,1,0,0,0,1,0,1,0,0,1,0,1,0,0,0,1,0,0,1
25543,0,1,0,1,1,0,0,0,1,0,1,0,0,1,0,1,0,0,0,1,0,0,1
25544,0,1,0,1,1,0,0,0,1,0,1,0,0,1,0,1,0,0,0,1,0,0,1
25545,0,1,0,1,1,0,0,0,1,0,1,0,0,1,0,1,0,0,0,1,0,0,1
25546,0,1,0,1,1,0,0,0,1,0,1,0,0,1,0,1,0,0,0,1,0,0,1
25547,0,1,0,1,1,0,0,0,1,0,1,0,0,1,0,1,0,0,0,1,0,0,1
25548,0,1,0,1,1,0,0,0,1,0,1,0,0,1,0,1,0,0,0,1,0,0,1
25549,0,1,0,1,1,0,0,0,1,0,1,0,0,1,0,1,0,0,0,1,0,0,1
25550,0,1,0,1,1,0,0,0,1,0,1,0,1,1,1,1,0,1,0,1,0,0,1
25551,0,1,0,1,1,0,0,0,1,0,1,0,1,1,1,1,0,1,0,1,0,0,1
25552,0,1,0,1,1,0,0,0,1,0,1,0,1,1,1,1,0,1,0,1,0,0,1
25553,0,1,0,1,1,0,0,0,1,0,1,0,2,1,1,1,0,1,0,1,0,0,1
25554,0,1,0,1,1,0,0,0,1,0,1,0,0,1,1,1,0,1,0,1,0,0,1
25555,0,1,0,1,1,0,0,0,1,0,1,0,0,1,1,1,0,1,0,1,0,0,1
25556,0,1,0,1,1,0,0,0,1,0,1,0,0,1,1,1,0,1,0,1,0,0,1
25557,0,1,0,1,1,0,0,0,1,0,1,0,0,1,1,1,0,1,0,1,0,0,1
25558,1,1,0,1,1,1,1,1,1,1,1,1,1,1,1,1,1,1,1,1,1,1,1
25559,1,1,0,1,1,1,1,1,1,1,1,1,1,1,1,1,1,1,1,1,1,1,1
25560,1,1,0,1,1,1,1,1,1,1,1,1,1,1,1,1,1,1,1,1,1,1,1
25561,2,2,0,2,2,2,2,2,2,2,2,2,2,2,2,2,2,2,2,2,2,2,2
25562,0,0,0,0,0,0,0,0,0,0,0,0,0,0,0,0,0,0,0,0,0,0,0
25563,0,0,0,0,0,0,0,0,0,0,0,0,0,0,0,0,0,0,0,0,0,0,0
25564,0,0,0,0,0,0,0,0,0,0,0,0,0,0,0,0,0,0,0,0,0,0,0
25565,0,0,0,0,0,0,0,0,0,0,0,0,0,0,0,0,0,0,0,0,0,0,0
25566,0,0,0,0,0,0,0,0,0,0,0,0,0,0,0,0,0,0,0,0,0,0,0
-1,-1,-1,-1,-1,-1,-1,-1,-1,-1,-1,-1,-1,-1,-1,-1,-1,-1,-1,-1,-1,-1,-1,-1
25979,1,0,0,1,1,0,1,0,1,1,1,1,1,1,1,1,1,1,1,1,1,1,1
25980,1,0,0,1,1,0,1,0,1,1,1,1,1,1,1,1,1,1,1,1,1,1,1
25981,1,0,0,1,1,0,1,0,1,1,1,1,1,1,1,1,1,1,1,1,1,1,1
25982,1,0,0,1,1,0,1,0,1,1,1,1,1,1,1,1,1,1,1,1,1,1,1
25983,1,0,0,1,1,0,1,0,1,1,1,1,1,1,1,1,1,1,1,1,1,1,1
25984,1,0,0,1,1,0,1,0,1,1,1,1,1,1,1,1,1,1,1,1,1,1,1
25985,1,0,0,1,1,0,1,0,1,1,1,1,1,1,1,1,1,1,1,1,1,1,1
25986,1,1,0,1,1,0,1,0,1,1,1,1,1,1,1,1,1,1,1,1,1,1,1
25987,1,1,0,1,1,0,1,0,1,2,1,1,1,2,1,2,1,1,1,1,1,1,2
25988,1,1,0,1,1,0,1,0,1,0,1,1,1,0,1,0,1,1,1,1,1,1,0
25989,2,1,0,1,1,0,1,0,1,0,1,1,1,0,1,0,1,1,1,1,1,1,0
25990,0,1,0,1,1,0,1,0,1,0,1,1,1,0,1,0,1,1,1,1,1,1,0
25991,0,1,0,1,1,0,1,0,1,0,1,1,1,0,1,0,1,1,1,1,1,1,0
25992,0,2,0,2,2,0,2,0,2,0,2,2,2,0,2,0,2,2,2,2,2,2,0
25993,0,0,0,0,0,0,0,0,0,0,0,0,0,0,0,0,0,0,0,0,0,0,0
25994,0,0,0,0,0,0,0,0,0,0,0,0,0,0,0,0,0,0,0,0,0,0,0
25995,0,0,0,0,0,0,0,0,0,0,0,0,0,0,0,0,0,0,0,0,0,0,0
25996,0,0,0,0,0,0,0,0,0,0,0,0,0,0,0,0,0,0,0,0,0,0,0
25997,0,0,0,0,0,0,0,0,0,0,0,0,0,0,0,0,0,0,0,0,0,0,0
25998,0,0,0,0,0,0,0,0,0,0,0,0,0,0,0,0,0,0,0,0,0,0,0
25999,0,0,0,0,0,0,0,0,0,0,0,0,0,0,0,0,0,0,0,0,0,0,0
26000,0,0,0,0,0,0,0,0,0,0,0,0,0,0,0,0,0,0,0,0,0,0,0
26001,0,0,0,0,0,0,0,0,0,0,0,0,0,0,0,0,0,0,0,0,0,0,0
-1,-1,-1,-1,-1,-1,-1,-1,-1,-1,-1,-1,-1,-1,-1,-1,-1,-1,-1,-1,-1,-1,-1,-1
26476,0,0,0,1,1,0,0,0,1,0,1,0,1,1,0,1,1,0,0,1,0,0,0
26477,0,0,0,1,1,0,0,0,1,0,1,0,1,1,0,1,1,0,0,1,0,0,0
26478,0,0,0,1,1,0,0,0,1,0,1,0,1,1,0,1,1,0,0,1,0,0,0
26479,0,0,0,1,1,0,0,0,1,0,1,0,1,1,0,1,1,0,0,1,0,0,0
26480,0,0,0,1,1,0,0,0,1,0,1,0,1,1,0,1,1,0,0,1,0,0,0
26481,0,0,0,1,1,0,0,0,1,0,1,0,1,1,0,1,1,0,0,1,0,0,0
26482,0,0,0,1,1,0,0,0,1,0,1,0,1,1,0,1,1,0,0,1,0,0,0
26483,0,0,0,1,1,0,0,0,1,0,1,0,1,1,0,1,1,0,0,1,0,0,0
26484,1,1,0,1,1,1,1,1,1,1,1,1,1,1,1,1,1,1,1,1,1,1,1
26485,2,1,0,1,1,1,2,2,1,2,1,2,1,1,1,2,1,2,1,2,2,1,1
26486,0,1,0,1,1,1,0,0,1,0,1,0,1,1,1,0,1,0,1,0,0,1,1
26487,0,1,0,1,1,1,0,0,1,0,1,0,1,1,1,0,1,0,1,0,0,1,1
26488,0,1,0,1,1,1,0,0,1,0,1,0,1,1,1,0,1,0,1,0,0,1,1
26489,0,1,0,1,1,1,0,0,1,0,1,0,1,1,1,0,1,0,1,0,0,1,1
26490,0,1,0,1,1,1,0,0,1,0,1,0,1,1,1,0,1,0,1,0,0,1,1
26491,0,1,0,1,1,1,0,0,1,0,1,0,1,1,1,0,1,0,1,0,0,1,1
26492,0,2,0,1,1,1,0,0,1,0,1,0,1,1,1,0,1,0,1,0,0,1,1
26493,0,0,0,1,1,1,0,0,1,0,1,0,1,1,1,0,1,0,1,0,0,1,1
26494,0,0,0,1,1,1,0,0,1,0,1,0,1,1,1,0,1,0,1,0,0,1,1
26495,0,0,0,1,1,1,0,0,1,0,1,0,1,1,1,0,1,0,1,0,0,1,1
26496,0,0,0,1,1,1,0,0,1,0,1,0,1,1,1,0,1,0,1,0,0,1,1
26497,0,0,0,1,1,1,0,0,1,0,1,0,1,1,1,0,1,0,1,0,0,1,1
26498,0,0,0,1,1,1,0,0,1,0,1,0,1,1,1,0,1,0,1,0,0,1,1
26499,0,0,0,1,1,1,0,0,1,0,1,0,1,1,1,0,1,0,1,0,0,1,1
26500,0,0,0,1,1,1,0,0,1,0,1,0,1,1,1,0,1,0,1,0,0,1,1
-1,-1,-1,-1,-1,-1,-1,-1,-1,-1,-1,-1,-1,-1,-1,-1,-1,-1,-1,-1,-1,-1,-1,-1
27631,0,0,0,0,0,0,0,0,0,0,0,0,0,0,0,0,0,0,0,0,0,0,0
27632,0,0,0,0,0,1,0,0,0,0,0,0,0,0,0,0,0,0,0,0,0,0,0
27633,0,0,0,0,0,1,0,0,0,0,0,0,0,0,0,0,0,0,0,0,0,0,0
27634,0,0,0,0,0,2,0,0,0,0,0,0,0,0,0,0,0,0,0,0,0,0,0
27635,0,0,0,0,0,0,0,0,0,0,0,0,0,0,0,0,0,0,0,0,0,0,0
27636,0,0,0,0,0,0,0,0,0,0,0,0,0,0,0,0,0,0,0,0,0,0,0
27637,0,0,0,0,0,0,0,0,0,0,0,0,0,0,0,0,0,0,0,0,0,0,0
27638,0,0,0,0,0,0,0,0,0,0,0,0,0,0,0,0,0,0,0,0,0,0,0
27639,1,1,0,1,1,1,1,1,1,1,1,1,1,1,1,1,1,1,1,1,1,1,1
27640,2,1,0,1,1,1,2,2,1,2,1,2,2,1,2,2,2,2,1,1,1,1,2
27641,0,1,0,1,1,1,0,0,1,0,1,0,0,1,0,0,0,0,1,1,1,1,0
27642,0,1,0,1,1,1,0,0,1,0,1,0,0,1,0,0,0,0,1,1,1,1,0
27643,0,1,0,1,1,1,0,0,1,0,1,0,0,1,0,0,0,0,1,1,1,1,0
27644,0,1,0,1,1,1,0,0,1,0,1,0,0,1,0,0,0,0,1,1,1,1,0
27645,0,1,0,1,1,1,0,0,1,0,1,0,0,1,0,0,0,0,1,1,1,1,0
27646,1,1,0,1,1,1,1,1,1,1,1,1,1,1,1,1,1,1,1,1,1,1,1
27647,2,2,0,2,2,2,2,2,2,2,2,2,2,2,2,2,2,2,2,2,2,2,2
27648,0,0,0,0,0,0,0,0,0,0,0,0,0,0,0,0,0,0,0,0,0,0,0
27649,0,0,0,0,0,0,0,0,0,0,0,0,0,0,0,0,0,0,0,0,0,0,0
27650,0,0,0,0,0,0,0,0,0,0,0,0,0,0,0,0,0,0,0,0,0,0,0
27651,0,0,0,0,0,0,0,0,0,0,0,0,0,0,0,0,0,0,0,0,0,0,0
27652,0,0,0,0,0,0,0,0,0,0,0,0,0,0,0,0,0,0,0,0,0,0,0
27653,0,0,0,0,0,0,0,0,0,0,0,0,0,0,0,0,0,0,0,0,0,0,0
27654,0,0,0,0,0,0,0,0,0,0,0,0,0,0,0,0,0,0,0,0,0,0,0
-1,-1,-1,-1,-1,-1,-1,-1,-1,-1,-1,-1,-1,-1,-1,-1,-1,-1,-1,-1,-1,-1,-1,-1
27757,1,1,0,1,1,1,1,1,1,1,1,1,1,1,0,1,1,1,1,1,1,1,1
27758,1,1,0,1,1,1,1,1,1,1,1,1,1,1,0,1,1,1,1,1,1,1,1
27759,1,1,0,1,1,1,1,1,1,1,1,1,1,1,0,1,1,1,1,1,1,1,1
27760,1,1,0,1,1,1,1,1,1,1,1,1,1,1,0,1,1,1,1,1,1,1,1
27761,1,1,0,1,1,1,1,1,1,1,1,1,1,1,1,1,1,1,1,1,1,1,1
27762,1,1,0,1,1,1,1,1,1,1,1,1,1,1,1,1,1,1,1,1,1,1,1
27763,1,1,0,1,1,1,1,1,1,1,1,1,1,1,1,1,1,1,1,1,1,1,1
27764,1,1,0,1,1,1,1,1,1,1,1,1,1,1,1,1,1,1,1,1,1,1,1
27765,1,1,0,1,1,1,1,1,1,1,1,1,1,1,1,1,1,1,1,1,1,1,1
27766,2,1,0,1,1,2,2,2,2,2,1,2,2,1,2,1,1,1,2,1,2,1,1
27767,0,1,0,1,1,0,0,0,0,0,1,0,0,1,0,1,1,1,0,1,0,1,1
27768,0,1,0,1,1,0,0,0,0,0,1,0,0,1,0,1,1,1,0,1,0,1,1
27769,0,1,0,1,1,0,0,0,0,0,1,0,0,1,0,1,1,1,0,1,0,1,1
27770,0,1,0,1,1,0,0,0,0,0,1,0,0,1,0,1,1,1,0,1,0,1,1
27771,0,1,0,1,1,0,0,0,0,0,1,0,0,1,0,1,1,1,0,1,0,1,1
27772,0,1,0,1,1,0,0,0,0,0,1,0,0,1,0,1,1,1,0,1,0,1,1
27773,0,1,0,1,1,0,0,0,0,0,1,0,0,1,0,1,1,1,0,1,0,1,1
27774,0,1,0,1,1,0,0,0,0,0,1,0,0,1,0,1,1,1,0,1,0,1,1
27775,0,1,0,1,1,0,0,0,0,0,1,0,0,1,0,1,1,1,0,1,0,1,1
27776,0,1,0,1,1,0,0,0,0,0,1,0,0,1,0,1,1,1,0,1,0,1,1
27777,0,1,0,1,1,0,0,0,0,0,1,0,0,1,0,1,1,1,0,1,0,1,1
27778,0,1,0,1,1,0,0,0,0,0,1,0,0,1,0,1,1,1,0,1,0,1,1
27779,0,1,0,1,1,0,0,0,0,0,1,0,0,1,0,1,1,1,0,1,0,1,1
27780,0,1,0,1,1,0,0,0,0,0,1,0,0,1,0,1,1,1,0,1,0,1,1
27781,1,1,0,1,1,1,1,1,1,1,1,1,1,1,1,1,1,1,1,1,1,1,1
27782,1,1,0,1,1,1,1,1,1,1,1,1,1,1,1,1,1,1,1,1,1,1,1
27783,1,1,0,1,1,1,1,1,1,1,1,1,1,1,1,1,1,1,1,1,1,1,1
27784,1,1,0,1,1,1,1,1,1,1,1,1,1,1,1,1,1,1,1,1,1,1,1
27785,1,1,0,1,1,1,1,1,1,1,1,1,1,1,1,1,1,1,1,1,1,1,1
27786,1,1,0,1,1,1,1,1,1,1,1,1,1,1,1,1,1,1,1,1,1,1,1
27787,2,1,0,1,2,2,2,2,1,2,1,2,2,2,2,2,2,2,2,2,2,2,1
27788,0,1,0,1,0,0,0,0,1,0,1,0,0,0,0,0,0,0,0,0,0,0,1
27789,0,1,0,1,0,0,0,0,1,0,1,0,0,0,0,0,0,0,0,0,0,0,1
-1,-1,-1,-1,-1,-1,-1,-1,-1,-1,-1,-1,-1,-1,-1,-1,-1,-1,-1,-1,-1,-1,-1,-1
28447,0,0,0,0,0,0,0,0,0,0,0,0,0,0,0,0,0,0,0,0,0,0,0
28448,0,0,0,0,0,0,0,0,0,0,0,0,0,0,0,0,0,0,0,0,0,0,0
28449,0,0,0,0,0,0,0,0,0,0,0,0,0,0,0,0,0,0,0,0,0,0,0
28450,0,0,0,0,0,0,0,0,0,0,0,0,0,0,0,0,0,0,0,0,0,0,0
28451,0,0,0,0,0,0,0,0,0,0,0,0,0,0,0,0,0,0,0,0,0,0,0
28452,0,0,0,0,0,0,0,0,0,0,0,0,0,0,0,0,0,0,0,0,0,0,0
28453,0,0,0,0,0,0,0,0,0,0,0,0,0,0,0,0,0,0,0,0,0,0,0
28454,1,1,0,1,1,1,1,1,1,1,1,1,1,1,1,1,1,1,1,1,1,1,1
28455,1,1,0,1,1,2,1,1,1,2,2,1,1,1,1,1,2,1,1,1,2,1,2
28456,1,1,0,1,1,0,1,1,1,0,0,1,1,1,1,1,0,1,1,1,0,1,0
28457,2,1,0,1,1,0,1,1,1,0,0,1,1,1,1,1,0,1,1,1,0,1,0
28458,0,1,0,1,1,0,1,1,1,0,0,1,1,1,1,1,0,1,1,1,0,1,0
28459,0,1,0,1,1,0,1,1,1,0,0,1,1,1,1,1,0,1,1,1,0,1,0
28460,0,1,0,1,1,0,2,1,1,0,0,2,2,1,2,1,0,2,2,1,0,2,0
28461,0,1,0,1,1,0,0,1,1,0,0,0,0,1,0,1,0,0,0,1,0,0,0
28462,0,1,0,1,1,0,0,1,1,0,0,0,0,1,0,1,0,0,0,1,0,0,0
28463,0,1,0,1,1,0,0,1,1,0,0,0,0,1,0,1,0,0,0,1,0,0,0
28464,0,1,0,1,1,0,0,2,1,0,0,0,0,2,0,2,0,0,0,1,0,0,0
28465,0,1,0,1,1,0,0,0,1,0,0,0,0,0,0,0,0,0,0,1,0,0,0
28466,0,1,0,1,1,0,0,0,1,0,0,0,0,0,0,0,0,0,0,1,0,0,0
28467,0,1,0,1,1,0,0,0,1,0,0,0,0,0,0,0,0,0,0,1,0,0,0
28468,0,1,0,1,1,0,0,0,1,0,0,0,0,0,0,0,0,0,0,1,0,0,0
-1,-1,-1,-1,-1,-1,-1,-1,-1,-1,-1,-1,-1,-1,-1,-1,-1,-1,-1,-1,-1,-1,-1,-1
28829,0,0,0,0,0,0,0,0,0,0,0,0,0,0,0,0,0,0,0,0,0,0,0
28830,0,0,0,0,0,0,0,0,0,0,0,0,0,0,0,0,0,0,0,0,0,0,0
28831,0,0,0,0,0,0,0,0,0,0,0,0,0,0,0,0,0,0,0,0,0,0,0
28832,0,0,0,0,0,0,0,0,0,0,0,0,0,0,0,0,0,0,0,0,0,0,0
28833,0,0,0,0,0,0,0,0,0,0,0,0,0,0,0,0,0,0,0,0,0,0,0
28834,0,0,0,0,0,0,0,0,0,0,0,0,0,0,0,0,0,0,0,0,0,0,0
28835,0,0,0,0,0,0,0,0,0,0,0,0,0,0,0,0,0,0,0,0,0,0,0
28836,1,1,0,1,1,1,1,1,1,1,1,1,1,1,1,1,1,1,1,1,1,1,1
28837,1,1,0,1,1,2,2,1,1,2,1,1,2,1,2,1,1,2,1,1,1,1,1
28838,1,1,0,1,1,0,0,1,1,0,1,1,0,1,0,1,1,0,1,1,1,1,1
28839,2,1,0,1,1,0,0,1,1,0,1,1,0,1,0,1,1,0,1,1,1,1,1
28840,0,1,0,1,1,0,0,1,1,0,1,1,0,1,0,1,1,0,1,1,1,1,1
28841,0,1,0,1,1,0,0,1,1,0,1,1,0,1,0,1,1,0,1,1,1,1,1
28842,0,2,0,2,2,0,0,2,2,0,2,2,0,2,0,2,2,0,2,2,2,2,2
28843,0,0,0,0,0,0,0,0,0,0,0,0,0,0,0,0,0,0,0,0,0,0,0
28844,0,0,0,0,0,0,0,0,0,0,0,0,0,0,0,0,0,0,0,0,0,0,0
28845,0,0,0,0,0,0,0,0,0,0,0,0,0,0,0,0,0,0,0,0,0,0,0
28846,0,0,0,0,0,0,0,0,0,0,0,0,0,0,0,0,0,0,0,0,0,0,0
28847,0,0,0,0,0,0,0,0,0,0,0,0,0,0,0,0,0,0,0,0,0,0,0
28848,0,0,0,0,0,0,0,0,0,0,0,0,0,0,0,0,0,0,0,0,0,0,0
28849,0,0,0,0,0,0,0,0,0,0,0,0,0,0,0,0,0,0,0,0,0,0,0
28850,0,0,0,0,0,0,0,0,0,0,0,0,0,0,0,0,0,0,0,0,0,0,0
28851,0,0,0,0,0,0,0,0,0,0,0,0,0,0,0,0,0,0,0,0,0,0,0
-1,-1,-1,-1,-1,-1,-1,-1,-1,-1,-1,-1,-1,-1,-1,-1,-1,-1,-1,-1,-1,-1,-1,-1
